00001983
00011983
00021983
00031983
00041983
00051983
00061983
00071983
00081983
00091983
00101983
00111983
00121983
00131983
00141983
00151983
00161983
00171983
00181983
00191983
00201983
00211983
00221983
00231983
00241983
00251983
00261983
00271983
00281983
00291983
00301983
00311983
00321983
00331983
00341983
00351983
00361983
00371983
00381983
00391983
00401983
00411983
00421983
00431983
00441983
00451983
00461983
00471983
00481983
00491983
00501983
00511983
00521983
00531983
00541983
00551983
00561983
00571983
00581983
00591983
00601983
00611983
00621983
00631983
00641983
00651983
00661983
00671983
00681983
00691983
00701983
00711983
00721983
00731983
00741983
00751983
00761983
00771983
00781983
00791983
00801983
00811983
00821983
00831983
00841983
00851983
00861983
00871983
00881983
00891983
00901983
00911983
00921983
00931983
00941983
00951983
00961983
00971983
00981983
00991983
01001983
01011983
01021983
01031983
01041983
01051983
01061983
01071983
01081983
01091983
01101983
01111983
01121983
01131983
01141983
01151983
01161983
01171983
01181983
01191983
01201983
01211983
01221983
01231983
01241983
01251983
01261983
01271983
01281983
01291983
01301983
01311983
01321983
01331983
01341983
01351983
01361983
01371983
01381983
01391983
01401983
01411983
01421983
01431983
01441983
01451983
01461983
01471983
01481983
01491983
01501983
01511983
01521983
01531983
01541983
01551983
01561983
01571983
01581983
01591983
01601983
01611983
01621983
01631983
01641983
01651983
01661983
01671983
01681983
01691983
01701983
01711983
01721983
01731983
01741983
01751983
01761983
01771983
01781983
01791983
01801983
01811983
01821983
01831983
01841983
01851983
01861983
01871983
01881983
01891983
01901983
01911983
01921983
01931983
01941983
01951983
01961983
01971983
01981983
01991983
02001983
02011983
02021983
02031983
02041983
02051983
02061983
02071983
02081983
02091983
02101983
02111983
02121983
02131983
02141983
02151983
02161983
02171983
02181983
02191983
02201983
02211983
02221983
02231983
02241983
02251983
02261983
02271983
02281983
02291983
02301983
02311983
02321983
02331983
02341983
02351983
02361983
02371983
02381983
02391983
02401983
02411983
02421983
02431983
02441983
02451983
02461983
02471983
02481983
02491983
02501983
02511983
02521983
02531983
02541983
02551983
02561983
02571983
02581983
02591983
02601983
02611983
02621983
02631983
02641983
02651983
02661983
02671983
02681983
02691983
02701983
02711983
02721983
02731983
02741983
02751983
02761983
02771983
02781983
02791983
02801983
02811983
02821983
02831983
02841983
02851983
02861983
02871983
02881983
02891983
02901983
02911983
02921983
02931983
02941983
02951983
02961983
02971983
02981983
02991983
03001983
03011983
03021983
03031983
03041983
03051983
03061983
03071983
03081983
03091983
03101983
03111983
03121983
03131983
03141983
03151983
03161983
03171983
03181983
03191983
03201983
03211983
03221983
03231983
03241983
03251983
03261983
03271983
03281983
03291983
03301983
03311983
03321983
03331983
03341983
03351983
03361983
03371983
03381983
03391983
03401983
03411983
03421983
03431983
03441983
03451983
03461983
03471983
03481983
03491983
03501983
03511983
03521983
03531983
03541983
03551983
03561983
03571983
03581983
03591983
03601983
03611983
03621983
03631983
03641983
03651983
03661983
03671983
03681983
03691983
03701983
03711983
03721983
03731983
03741983
03751983
03761983
03771983
03781983
03791983
03801983
03811983
03821983
03831983
03841983
03851983
03861983
03871983
03881983
03891983
03901983
03911983
03921983
03931983
03941983
03951983
03961983
03971983
03981983
03991983
04001983
04011983
04021983
04031983
04041983
04051983
04061983
04071983
04081983
04091983
04101983
04111983
04121983
04131983
04141983
04151983
04161983
04171983
04181983
04191983
04201983
04211983
04221983
04231983
04241983
04251983
04261983
04271983
04281983
04291983
04301983
04311983
04321983
04331983
04341983
04351983
04361983
04371983
04381983
04391983
04401983
04411983
04421983
04431983
04441983
04451983
04461983
04471983
04481983
04491983
04501983
04511983
04521983
04531983
04541983
04551983
04561983
04571983
04581983
04591983
04601983
04611983
04621983
04631983
04641983
04651983
04661983
04671983
04681983
04691983
04701983
04711983
04721983
04731983
04741983
04751983
04761983
04771983
04781983
04791983
04801983
04811983
04821983
04831983
04841983
04851983
04861983
04871983
04881983
04891983
04901983
04911983
04921983
04931983
04941983
04951983
04961983
04971983
04981983
04991983
05001983
05011983
05021983
05031983
05041983
05051983
05061983
05071983
05081983
05091983
05101983
05111983
05121983
05131983
05141983
05151983
05161983
05171983
05181983
05191983
05201983
05211983
05221983
05231983
05241983
05251983
05261983
05271983
05281983
05291983
05301983
05311983
05321983
05331983
05341983
05351983
05361983
05371983
05381983
05391983
05401983
05411983
05421983
05431983
05441983
05451983
05461983
05471983
05481983
05491983
05501983
05511983
05521983
05531983
05541983
05551983
05561983
05571983
05581983
05591983
05601983
05611983
05621983
05631983
05641983
05651983
05661983
05671983
05681983
05691983
05701983
05711983
05721983
05731983
05741983
05751983
05761983
05771983
05781983
05791983
05801983
05811983
05821983
05831983
05841983
05851983
05861983
05871983
05881983
05891983
05901983
05911983
05921983
05931983
05941983
05951983
05961983
05971983
05981983
05991983
06001983
06011983
06021983
06031983
06041983
06051983
06061983
06071983
06081983
06091983
06101983
06111983
06121983
06131983
06141983
06151983
06161983
06171983
06181983
06191983
06201983
06211983
06221983
06231983
06241983
06251983
06261983
06271983
06281983
06291983
06301983
06311983
06321983
06331983
06341983
06351983
06361983
06371983
06381983
06391983
06401983
06411983
06421983
06431983
06441983
06451983
06461983
06471983
06481983
06491983
06501983
06511983
06521983
06531983
06541983
06551983
06561983
06571983
06581983
06591983
06601983
06611983
06621983
06631983
06641983
06651983
06661983
06671983
06681983
06691983
06701983
06711983
06721983
06731983
06741983
06751983
06761983
06771983
06781983
06791983
06801983
06811983
06821983
06831983
06841983
06851983
06861983
06871983
06881983
06891983
06901983
06911983
06921983
06931983
06941983
06951983
06961983
06971983
06981983
06991983
07001983
07011983
07021983
07031983
07041983
07051983
07061983
07071983
07081983
07091983
07101983
07111983
07121983
07131983
07141983
07151983
07161983
07171983
07181983
07191983
07201983
07211983
07221983
07231983
07241983
07251983
07261983
07271983
07281983
07291983
07301983
07311983
07321983
07331983
07341983
07351983
07361983
07371983
07381983
07391983
07401983
07411983
07421983
07431983
07441983
07451983
07461983
07471983
07481983
07491983
07501983
07511983
07521983
07531983
07541983
07551983
07561983
07571983
07581983
07591983
07601983
07611983
07621983
07631983
07641983
07651983
07661983
07671983
07681983
07691983
07701983
07711983
07721983
07731983
07741983
07751983
07761983
07771983
07781983
07791983
07801983
07811983
07821983
07831983
07841983
07851983
07861983
07871983
07881983
07891983
07901983
07911983
07921983
07931983
07941983
07951983
07961983
07971983
07981983
07991983
08001983
08011983
08021983
08031983
08041983
08051983
08061983
08071983
08081983
08091983
08101983
08111983
08121983
08131983
08141983
08151983
08161983
08171983
08181983
08191983
08201983
08211983
08221983
08231983
08241983
08251983
08261983
08271983
08281983
08291983
08301983
08311983
08321983
08331983
08341983
08351983
08361983
08371983
08381983
08391983
08401983
08411983
08421983
08431983
08441983
08451983
08461983
08471983
08481983
08491983
08501983
08511983
08521983
08531983
08541983
08551983
08561983
08571983
08581983
08591983
08601983
08611983
08621983
08631983
08641983
08651983
08661983
08671983
08681983
08691983
08701983
08711983
08721983
08731983
08741983
08751983
08761983
08771983
08781983
08791983
08801983
08811983
08821983
08831983
08841983
08851983
08861983
08871983
08881983
08891983
08901983
08911983
08921983
08931983
08941983
08951983
08961983
08971983
08981983
08991983
09001983
09011983
09021983
09031983
09041983
09051983
09061983
09071983
09081983
09091983
09101983
09111983
09121983
09131983
09141983
09151983
09161983
09171983
09181983
09191983
09201983
09211983
09221983
09231983
09241983
09251983
09261983
09271983
09281983
09291983
09301983
09311983
09321983
09331983
09341983
09351983
09361983
09371983
09381983
09391983
09401983
09411983
09421983
09431983
09441983
09451983
09461983
09471983
09481983
09491983
09501983
09511983
09521983
09531983
09541983
09551983
09561983
09571983
09581983
09591983
09601983
09611983
09621983
09631983
09641983
09651983
09661983
09671983
09681983
09691983
09701983
09711983
09721983
09731983
09741983
09751983
09761983
09771983
09781983
09791983
09801983
09811983
09821983
09831983
09841983
09851983
09861983
09871983
09881983
09891983
09901983
09911983
09921983
09931983
09941983
09951983
09961983
09971983
09981983
09991983
10001983
10011983
10021983
10031983
10041983
10051983
10061983
10071983
10081983
10091983
10101983
10111983
10121983
10131983
10141983
10151983
10161983
10171983
10181983
10191983
10201983
10211983
10221983
10231983
10241983
10251983
10261983
10271983
10281983
10291983
10301983
10311983
10321983
10331983
10341983
10351983
10361983
10371983
10381983
10391983
10401983
10411983
10421983
10431983
10441983
10451983
10461983
10471983
10481983
10491983
10501983
10511983
10521983
10531983
10541983
10551983
10561983
10571983
10581983
10591983
10601983
10611983
10621983
10631983
10641983
10651983
10661983
10671983
10681983
10691983
10701983
10711983
10721983
10731983
10741983
10751983
10761983
10771983
10781983
10791983
10801983
10811983
10821983
10831983
10841983
10851983
10861983
10871983
10881983
10891983
10901983
10911983
10921983
10931983
10941983
10951983
10961983
10971983
10981983
10991983
11001983
11011983
11021983
11031983
11041983
11051983
11061983
11071983
11081983
11091983
11101983
11111983
11121983
11131983
11141983
11151983
11161983
11171983
11181983
11191983
11201983
11211983
11221983
11231983
11241983
11251983
11261983
11271983
11281983
11291983
11301983
11311983
11321983
11331983
11341983
11351983
11361983
11371983
11381983
11391983
11401983
11411983
11421983
11431983
11441983
11451983
11461983
11471983
11481983
11491983
11501983
11511983
11521983
11531983
11541983
11551983
11561983
11571983
11581983
11591983
11601983
11611983
11621983
11631983
11641983
11651983
11661983
11671983
11681983
11691983
11701983
11711983
11721983
11731983
11741983
11751983
11761983
11771983
11781983
11791983
11801983
11811983
11821983
11831983
11841983
11851983
11861983
11871983
11881983
11891983
11901983
11911983
11921983
11931983
11941983
11951983
11961983
11971983
11981983
11991983
12001983
12011983
12021983
12031983
12041983
12051983
12061983
12071983
12081983
12091983
12101983
12111983
12121983
12131983
12141983
12151983
12161983
12171983
12181983
12191983
12201983
12211983
12221983
12231983
12241983
12251983
12261983
12271983
12281983
12291983
12301983
12311983
12321983
12331983
12341983
12351983
12361983
12371983
12381983
12391983
12401983
12411983
12421983
12431983
12441983
12451983
12461983
12471983
12481983
12491983
12501983
12511983
12521983
12531983
12541983
12551983
12561983
12571983
12581983
12591983
12601983
12611983
12621983
12631983
12641983
12651983
12661983
12671983
12681983
12691983
12701983
12711983
12721983
12731983
12741983
12751983
12761983
12771983
12781983
12791983
12801983
12811983
12821983
12831983
12841983
12851983
12861983
12871983
12881983
12891983
12901983
12911983
12921983
12931983
12941983
12951983
12961983
12971983
12981983
12991983
13001983
13011983
13021983
13031983
13041983
13051983
13061983
13071983
13081983
13091983
13101983
13111983
13121983
13131983
13141983
13151983
13161983
13171983
13181983
13191983
13201983
13211983
13221983
13231983
13241983
13251983
13261983
13271983
13281983
13291983
13301983
13311983
13321983
13331983
13341983
13351983
13361983
13371983
13381983
13391983
13401983
13411983
13421983
13431983
13441983
13451983
13461983
13471983
13481983
13491983
13501983
13511983
13521983
13531983
13541983
13551983
13561983
13571983
13581983
13591983
13601983
13611983
13621983
13631983
13641983
13651983
13661983
13671983
13681983
13691983
13701983
13711983
13721983
13731983
13741983
13751983
13761983
13771983
13781983
13791983
13801983
13811983
13821983
13831983
13841983
13851983
13861983
13871983
13881983
13891983
13901983
13911983
13921983
13931983
13941983
13951983
13961983
13971983
13981983
13991983
14001983
14011983
14021983
14031983
14041983
14051983
14061983
14071983
14081983
14091983
14101983
14111983
14121983
14131983
14141983
14151983
14161983
14171983
14181983
14191983
14201983
14211983
14221983
14231983
14241983
14251983
14261983
14271983
14281983
14291983
14301983
14311983
14321983
14331983
14341983
14351983
14361983
14371983
14381983
14391983
14401983
14411983
14421983
14431983
14441983
14451983
14461983
14471983
14481983
14491983
14501983
14511983
14521983
14531983
14541983
14551983
14561983
14571983
14581983
14591983
14601983
14611983
14621983
14631983
14641983
14651983
14661983
14671983
14681983
14691983
14701983
14711983
14721983
14731983
14741983
14751983
14761983
14771983
14781983
14791983
14801983
14811983
14821983
14831983
14841983
14851983
14861983
14871983
14881983
14891983
14901983
14911983
14921983
14931983
14941983
14951983
14961983
14971983
14981983
14991983
15001983
15011983
15021983
15031983
15041983
15051983
15061983
15071983
15081983
15091983
15101983
15111983
15121983
15131983
15141983
15151983
15161983
15171983
15181983
15191983
15201983
15211983
15221983
15231983
15241983
15251983
15261983
15271983
15281983
15291983
15301983
15311983
15321983
15331983
15341983
15351983
15361983
15371983
15381983
15391983
15401983
15411983
15421983
15431983
15441983
15451983
15461983
15471983
15481983
15491983
15501983
15511983
15521983
15531983
15541983
15551983
15561983
15571983
15581983
15591983
15601983
15611983
15621983
15631983
15641983
15651983
15661983
15671983
15681983
15691983
15701983
15711983
15721983
15731983
15741983
15751983
15761983
15771983
15781983
15791983
15801983
15811983
15821983
15831983
15841983
15851983
15861983
15871983
15881983
15891983
15901983
15911983
15921983
15931983
15941983
15951983
15961983
15971983
15981983
15991983
16001983
16011983
16021983
16031983
16041983
16051983
16061983
16071983
16081983
16091983
16101983
16111983
16121983
16131983
16141983
16151983
16161983
16171983
16181983
16191983
16201983
16211983
16221983
16231983
16241983
16251983
16261983
16271983
16281983
16291983
16301983
16311983
16321983
16331983
16341983
16351983
16361983
16371983
16381983
16391983
16401983
16411983
16421983
16431983
16441983
16451983
16461983
16471983
16481983
16491983
16501983
16511983
16521983
16531983
16541983
16551983
16561983
16571983
16581983
16591983
16601983
16611983
16621983
16631983
16641983
16651983
16661983
16671983
16681983
16691983
16701983
16711983
16721983
16731983
16741983
16751983
16761983
16771983
16781983
16791983
16801983
16811983
16821983
16831983
16841983
16851983
16861983
16871983
16881983
16891983
16901983
16911983
16921983
16931983
16941983
16951983
16961983
16971983
16981983
16991983
17001983
17011983
17021983
17031983
17041983
17051983
17061983
17071983
17081983
17091983
17101983
17111983
17121983
17131983
17141983
17151983
17161983
17171983
17181983
17191983
17201983
17211983
17221983
17231983
17241983
17251983
17261983
17271983
17281983
17291983
17301983
17311983
17321983
17331983
17341983
17351983
17361983
17371983
17381983
17391983
17401983
17411983
17421983
17431983
17441983
17451983
17461983
17471983
17481983
17491983
17501983
17511983
17521983
17531983
17541983
17551983
17561983
17571983
17581983
17591983
17601983
17611983
17621983
17631983
17641983
17651983
17661983
17671983
17681983
17691983
17701983
17711983
17721983
17731983
17741983
17751983
17761983
17771983
17781983
17791983
17801983
17811983
17821983
17831983
17841983
17851983
17861983
17871983
17881983
17891983
17901983
17911983
17921983
17931983
17941983
17951983
17961983
17971983
17981983
17991983
18001983
18011983
18021983
18031983
18041983
18051983
18061983
18071983
18081983
18091983
18101983
18111983
18121983
18131983
18141983
18151983
18161983
18171983
18181983
18191983
18201983
18211983
18221983
18231983
18241983
18251983
18261983
18271983
18281983
18291983
18301983
18311983
18321983
18331983
18341983
18351983
18361983
18371983
18381983
18391983
18401983
18411983
18421983
18431983
18441983
18451983
18461983
18471983
18481983
18491983
18501983
18511983
18521983
18531983
18541983
18551983
18561983
18571983
18581983
18591983
18601983
18611983
18621983
18631983
18641983
18651983
18661983
18671983
18681983
18691983
18701983
18711983
18721983
18731983
18741983
18751983
18761983
18771983
18781983
18791983
18801983
18811983
18821983
18831983
18841983
18851983
18861983
18871983
18881983
18891983
18901983
18911983
18921983
18931983
18941983
18951983
18961983
18971983
18981983
18991983
19001983
19011983
19021983
19031983
19041983
19051983
19061983
19071983
19081983
19091983
19101983
19111983
19121983
19131983
19141983
19151983
19161983
19171983
19181983
19191983
19201983
19211983
19221983
19231983
19241983
19251983
19261983
19271983
19281983
19291983
19301983
19311983
19321983
19331983
19341983
19351983
19361983
19371983
19381983
19391983
19401983
19411983
19421983
19431983
19441983
19451983
19461983
19471983
19481983
19491983
19501983
19511983
19521983
19531983
19541983
19551983
19561983
19571983
19581983
19591983
19601983
19611983
19621983
19631983
19641983
19651983
19661983
19671983
19681983
19691983
19701983
19711983
19721983
19731983
19741983
19751983
19761983
19771983
19781983
19791983
19801983
19811983
19821983
19831983
19841983
19851983
19861983
19871983
19881983
19891983
19901983
19911983
19921983
19931983
19941983
19951983
19961983
19971983
19981983
19991983
20001983
20011983
20021983
20031983
20041983
20051983
20061983
20071983
20081983
20091983
20101983
20111983
20121983
20131983
20141983
20151983
20161983
20171983
20181983
20191983
20201983
20211983
20221983
20231983
20241983
20251983
20261983
20271983
20281983
20291983
20301983
20311983
20321983
20331983
20341983
20351983
20361983
20371983
20381983
20391983
20401983
20411983
20421983
20431983
20441983
20451983
20461983
20471983
20481983
20491983
20501983
20511983
20521983
20531983
20541983
20551983
20561983
20571983
20581983
20591983
20601983
20611983
20621983
20631983
20641983
20651983
20661983
20671983
20681983
20691983
20701983
20711983
20721983
20731983
20741983
20751983
20761983
20771983
20781983
20791983
20801983
20811983
20821983
20831983
20841983
20851983
20861983
20871983
20881983
20891983
20901983
20911983
20921983
20931983
20941983
20951983
20961983
20971983
20981983
20991983
21001983
21011983
21021983
21031983
21041983
21051983
21061983
21071983
21081983
21091983
21101983
21111983
21121983
21131983
21141983
21151983
21161983
21171983
21181983
21191983
21201983
21211983
21221983
21231983
21241983
21251983
21261983
21271983
21281983
21291983
21301983
21311983
21321983
21331983
21341983
21351983
21361983
21371983
21381983
21391983
21401983
21411983
21421983
21431983
21441983
21451983
21461983
21471983
21481983
21491983
21501983
21511983
21521983
21531983
21541983
21551983
21561983
21571983
21581983
21591983
21601983
21611983
21621983
21631983
21641983
21651983
21661983
21671983
21681983
21691983
21701983
21711983
21721983
21731983
21741983
21751983
21761983
21771983
21781983
21791983
21801983
21811983
21821983
21831983
21841983
21851983
21861983
21871983
21881983
21891983
21901983
21911983
21921983
21931983
21941983
21951983
21961983
21971983
21981983
21991983
22001983
22011983
22021983
22031983
22041983
22051983
22061983
22071983
22081983
22091983
22101983
22111983
22121983
22131983
22141983
22151983
22161983
22171983
22181983
22191983
22201983
22211983
22221983
22231983
22241983
22251983
22261983
22271983
22281983
22291983
22301983
22311983
22321983
22331983
22341983
22351983
22361983
22371983
22381983
22391983
22401983
22411983
22421983
22431983
22441983
22451983
22461983
22471983
22481983
22491983
22501983
22511983
22521983
22531983
22541983
22551983
22561983
22571983
22581983
22591983
22601983
22611983
22621983
22631983
22641983
22651983
22661983
22671983
22681983
22691983
22701983
22711983
22721983
22731983
22741983
22751983
22761983
22771983
22781983
22791983
22801983
22811983
22821983
22831983
22841983
22851983
22861983
22871983
22881983
22891983
22901983
22911983
22921983
22931983
22941983
22951983
22961983
22971983
22981983
22991983
23001983
23011983
23021983
23031983
23041983
23051983
23061983
23071983
23081983
23091983
23101983
23111983
23121983
23131983
23141983
23151983
23161983
23171983
23181983
23191983
23201983
23211983
23221983
23231983
23241983
23251983
23261983
23271983
23281983
23291983
23301983
23311983
23321983
23331983
23341983
23351983
23361983
23371983
23381983
23391983
23401983
23411983
23421983
23431983
23441983
23451983
23461983
23471983
23481983
23491983
23501983
23511983
23521983
23531983
23541983
23551983
23561983
23571983
23581983
23591983
23601983
23611983
23621983
23631983
23641983
23651983
23661983
23671983
23681983
23691983
23701983
23711983
23721983
23731983
23741983
23751983
23761983
23771983
23781983
23791983
23801983
23811983
23821983
23831983
23841983
23851983
23861983
23871983
23881983
23891983
23901983
23911983
23921983
23931983
23941983
23951983
23961983
23971983
23981983
23991983
24001983
24011983
24021983
24031983
24041983
24051983
24061983
24071983
24081983
24091983
24101983
24111983
24121983
24131983
24141983
24151983
24161983
24171983
24181983
24191983
24201983
24211983
24221983
24231983
24241983
24251983
24261983
24271983
24281983
24291983
24301983
24311983
24321983
24331983
24341983
24351983
24361983
24371983
24381983
24391983
24401983
24411983
24421983
24431983
24441983
24451983
24461983
24471983
24481983
24491983
24501983
24511983
24521983
24531983
24541983
24551983
24561983
24571983
24581983
24591983
24601983
24611983
24621983
24631983
24641983
24651983
24661983
24671983
24681983
24691983
24701983
24711983
24721983
24731983
24741983
24751983
24761983
24771983
24781983
24791983
24801983
24811983
24821983
24831983
24841983
24851983
24861983
24871983
24881983
24891983
24901983
24911983
24921983
24931983
24941983
24951983
24961983
24971983
24981983
24991983
25001983
25011983
25021983
25031983
25041983
25051983
25061983
25071983
25081983
25091983
25101983
25111983
25121983
25131983
25141983
25151983
25161983
25171983
25181983
25191983
25201983
25211983
25221983
25231983
25241983
25251983
25261983
25271983
25281983
25291983
25301983
25311983
25321983
25331983
25341983
25351983
25361983
25371983
25381983
25391983
25401983
25411983
25421983
25431983
25441983
25451983
25461983
25471983
25481983
25491983
25501983
25511983
25521983
25531983
25541983
25551983
25561983
25571983
25581983
25591983
25601983
25611983
25621983
25631983
25641983
25651983
25661983
25671983
25681983
25691983
25701983
25711983
25721983
25731983
25741983
25751983
25761983
25771983
25781983
25791983
25801983
25811983
25821983
25831983
25841983
25851983
25861983
25871983
25881983
25891983
25901983
25911983
25921983
25931983
25941983
25951983
25961983
25971983
25981983
25991983
26001983
26011983
26021983
26031983
26041983
26051983
26061983
26071983
26081983
26091983
26101983
26111983
26121983
26131983
26141983
26151983
26161983
26171983
26181983
26191983
26201983
26211983
26221983
26231983
26241983
26251983
26261983
26271983
26281983
26291983
26301983
26311983
26321983
26331983
26341983
26351983
26361983
26371983
26381983
26391983
26401983
26411983
26421983
26431983
26441983
26451983
26461983
26471983
26481983
26491983
26501983
26511983
26521983
26531983
26541983
26551983
26561983
26571983
26581983
26591983
26601983
26611983
26621983
26631983
26641983
26651983
26661983
26671983
26681983
26691983
26701983
26711983
26721983
26731983
26741983
26751983
26761983
26771983
26781983
26791983
26801983
26811983
26821983
26831983
26841983
26851983
26861983
26871983
26881983
26891983
26901983
26911983
26921983
26931983
26941983
26951983
26961983
26971983
26981983
26991983
27001983
27011983
27021983
27031983
27041983
27051983
27061983
27071983
27081983
27091983
27101983
27111983
27121983
27131983
27141983
27151983
27161983
27171983
27181983
27191983
27201983
27211983
27221983
27231983
27241983
27251983
27261983
27271983
27281983
27291983
27301983
27311983
27321983
27331983
27341983
27351983
27361983
27371983
27381983
27391983
27401983
27411983
27421983
27431983
27441983
27451983
27461983
27471983
27481983
27491983
27501983
27511983
27521983
27531983
27541983
27551983
27561983
27571983
27581983
27591983
27601983
27611983
27621983
27631983
27641983
27651983
27661983
27671983
27681983
27691983
27701983
27711983
27721983
27731983
27741983
27751983
27761983
27771983
27781983
27791983
27801983
27811983
27821983
27831983
27841983
27851983
27861983
27871983
27881983
27891983
27901983
27911983
27921983
27931983
27941983
27951983
27961983
27971983
27981983
27991983
28001983
28011983
28021983
28031983
28041983
28051983
28061983
28071983
28081983
28091983
28101983
28111983
28121983
28131983
28141983
28151983
28161983
28171983
28181983
28191983
28201983
28211983
28221983
28231983
28241983
28251983
28261983
28271983
28281983
28291983
28301983
28311983
28321983
28331983
28341983
28351983
28361983
28371983
28381983
28391983
28401983
28411983
28421983
28431983
28441983
28451983
28461983
28471983
28481983
28491983
28501983
28511983
28521983
28531983
28541983
28551983
28561983
28571983
28581983
28591983
28601983
28611983
28621983
28631983
28641983
28651983
28661983
28671983
28681983
28691983
28701983
28711983
28721983
28731983
28741983
28751983
28761983
28771983
28781983
28791983
28801983
28811983
28821983
28831983
28841983
28851983
28861983
28871983
28881983
28891983
28901983
28911983
28921983
28931983
28941983
28951983
28961983
28971983
28981983
28991983
29001983
29011983
29021983
29031983
29041983
29051983
29061983
29071983
29081983
29091983
29101983
29111983
29121983
29131983
29141983
29151983
29161983
29171983
29181983
29191983
29201983
29211983
29221983
29231983
29241983
29251983
29261983
29271983
29281983
29291983
29301983
29311983
29321983
29331983
29341983
29351983
29361983
29371983
29381983
29391983
29401983
29411983
29421983
29431983
29441983
29451983
29461983
29471983
29481983
29491983
29501983
29511983
29521983
29531983
29541983
29551983
29561983
29571983
29581983
29591983
29601983
29611983
29621983
29631983
29641983
29651983
29661983
29671983
29681983
29691983
29701983
29711983
29721983
29731983
29741983
29751983
29761983
29771983
29781983
29791983
29801983
29811983
29821983
29831983
29841983
29851983
29861983
29871983
29881983
29891983
29901983
29911983
29921983
29931983
29941983
29951983
29961983
29971983
29981983
29991983
30001983
30011983
30021983
30031983
30041983
30051983
30061983
30071983
30081983
30091983
30101983
30111983
30121983
30131983
30141983
30151983
30161983
30171983
30181983
30191983
30201983
30211983
30221983
30231983
30241983
30251983
30261983
30271983
30281983
30291983
30301983
30311983
30321983
30331983
30341983
30351983
30361983
30371983
30381983
30391983
30401983
30411983
30421983
30431983
30441983
30451983
30461983
30471983
30481983
30491983
30501983
30511983
30521983
30531983
30541983
30551983
30561983
30571983
30581983
30591983
30601983
30611983
30621983
30631983
30641983
30651983
30661983
30671983
30681983
30691983
30701983
30711983
30721983
30731983
30741983
30751983
30761983
30771983
30781983
30791983
30801983
30811983
30821983
30831983
30841983
30851983
30861983
30871983
30881983
30891983
30901983
30911983
30921983
30931983
30941983
30951983
30961983
30971983
30981983
30991983
31001983
31011983
31021983
31031983
31041983
31051983
31061983
31071983
31081983
31091983
31101983
31111983
31121983
31131983
31141983
31151983
31161983
31171983
31181983
31191983
31201983
31211983
31221983
31231983
31241983
31251983
31261983
31271983
31281983
31291983
31301983
31311983
31321983
31331983
31341983
31351983
31361983
31371983
31381983
31391983
31401983
31411983
31421983
31431983
31441983
31451983
31461983
31471983
31481983
31491983
31501983
31511983
31521983
31531983
31541983
31551983
31561983
31571983
31581983
31591983
31601983
31611983
31621983
31631983
31641983
31651983
31661983
31671983
31681983
31691983
31701983
31711983
31721983
31731983
31741983
31751983
31761983
31771983
31781983
31791983
31801983
31811983
31821983
31831983
31841983
31851983
31861983
31871983
31881983
31891983
31901983
31911983
31921983
31931983
31941983
31951983
31961983
31971983
31981983
31991983
32001983
32011983
32021983
32031983
32041983
32051983
32061983
32071983
32081983
32091983
32101983
32111983
32121983
32131983
32141983
32151983
32161983
32171983
32181983
32191983
32201983
32211983
32221983
32231983
32241983
32251983
32261983
32271983
32281983
32291983
32301983
32311983
32321983
32331983
32341983
32351983
32361983
32371983
32381983
32391983
32401983
32411983
32421983
32431983
32441983
32451983
32461983
32471983
32481983
32491983
32501983
32511983
32521983
32531983
32541983
32551983
32561983
32571983
32581983
32591983
32601983
32611983
32621983
32631983
32641983
32651983
32661983
32671983
32681983
32691983
32701983
32711983
32721983
32731983
32741983
32751983
32761983
32771983
32781983
32791983
32801983
32811983
32821983
32831983
32841983
32851983
32861983
32871983
32881983
32891983
32901983
32911983
32921983
32931983
32941983
32951983
32961983
32971983
32981983
32991983
33001983
33011983
33021983
33031983
33041983
33051983
33061983
33071983
33081983
33091983
33101983
33111983
33121983
33131983
33141983
33151983
33161983
33171983
33181983
33191983
33201983
33211983
33221983
33231983
33241983
33251983
33261983
33271983
33281983
33291983
33301983
33311983
33321983
33331983
33341983
33351983
33361983
33371983
33381983
33391983
33401983
33411983
33421983
33431983
33441983
33451983
33461983
33471983
33481983
33491983
33501983
33511983
33521983
33531983
33541983
33551983
33561983
33571983
33581983
33591983
33601983
33611983
33621983
33631983
33641983
33651983
33661983
33671983
33681983
33691983
33701983
33711983
33721983
33731983
33741983
33751983
33761983
33771983
33781983
33791983
33801983
33811983
33821983
33831983
33841983
33851983
33861983
33871983
33881983
33891983
33901983
33911983
33921983
33931983
33941983
33951983
33961983
33971983
33981983
33991983
34001983
34011983
34021983
34031983
34041983
34051983
34061983
34071983
34081983
34091983
34101983
34111983
34121983
34131983
34141983
34151983
34161983
34171983
34181983
34191983
34201983
34211983
34221983
34231983
34241983
34251983
34261983
34271983
34281983
34291983
34301983
34311983
34321983
34331983
34341983
34351983
34361983
34371983
34381983
34391983
34401983
34411983
34421983
34431983
34441983
34451983
34461983
34471983
34481983
34491983
34501983
34511983
34521983
34531983
34541983
34551983
34561983
34571983
34581983
34591983
34601983
34611983
34621983
34631983
34641983
34651983
34661983
34671983
34681983
34691983
34701983
34711983
34721983
34731983
34741983
34751983
34761983
34771983
34781983
34791983
34801983
34811983
34821983
34831983
34841983
34851983
34861983
34871983
34881983
34891983
34901983
34911983
34921983
34931983
34941983
34951983
34961983
34971983
34981983
34991983
35001983
35011983
35021983
35031983
35041983
35051983
35061983
35071983
35081983
35091983
35101983
35111983
35121983
35131983
35141983
35151983
35161983
35171983
35181983
35191983
35201983
35211983
35221983
35231983
35241983
35251983
35261983
35271983
35281983
35291983
35301983
35311983
35321983
35331983
35341983
35351983
35361983
35371983
35381983
35391983
35401983
35411983
35421983
35431983
35441983
35451983
35461983
35471983
35481983
35491983
35501983
35511983
35521983
35531983
35541983
35551983
35561983
35571983
35581983
35591983
35601983
35611983
35621983
35631983
35641983
35651983
35661983
35671983
35681983
35691983
35701983
35711983
35721983
35731983
35741983
35751983
35761983
35771983
35781983
35791983
35801983
35811983
35821983
35831983
35841983
35851983
35861983
35871983
35881983
35891983
35901983
35911983
35921983
35931983
35941983
35951983
35961983
35971983
35981983
35991983
36001983
36011983
36021983
36031983
36041983
36051983
36061983
36071983
36081983
36091983
36101983
36111983
36121983
36131983
36141983
36151983
36161983
36171983
36181983
36191983
36201983
36211983
36221983
36231983
36241983
36251983
36261983
36271983
36281983
36291983
36301983
36311983
36321983
36331983
36341983
36351983
36361983
36371983
36381983
36391983
36401983
36411983
36421983
36431983
36441983
36451983
36461983
36471983
36481983
36491983
36501983
36511983
36521983
36531983
36541983
36551983
36561983
36571983
36581983
36591983
36601983
36611983
36621983
36631983
36641983
36651983
36661983
36671983
36681983
36691983
36701983
36711983
36721983
36731983
36741983
36751983
36761983
36771983
36781983
36791983
36801983
36811983
36821983
36831983
36841983
36851983
36861983
36871983
36881983
36891983
36901983
36911983
36921983
36931983
36941983
36951983
36961983
36971983
36981983
36991983
37001983
37011983
37021983
37031983
37041983
37051983
37061983
37071983
37081983
37091983
37101983
37111983
37121983
37131983
37141983
37151983
37161983
37171983
37181983
37191983
37201983
37211983
37221983
37231983
37241983
37251983
37261983
37271983
37281983
37291983
37301983
37311983
37321983
37331983
37341983
37351983
37361983
37371983
37381983
37391983
37401983
37411983
37421983
37431983
37441983
37451983
37461983
37471983
37481983
37491983
37501983
37511983
37521983
37531983
37541983
37551983
37561983
37571983
37581983
37591983
37601983
37611983
37621983
37631983
37641983
37651983
37661983
37671983
37681983
37691983
37701983
37711983
37721983
37731983
37741983
37751983
37761983
37771983
37781983
37791983
37801983
37811983
37821983
37831983
37841983
37851983
37861983
37871983
37881983
37891983
37901983
37911983
37921983
37931983
37941983
37951983
37961983
37971983
37981983
37991983
38001983
38011983
38021983
38031983
38041983
38051983
38061983
38071983
38081983
38091983
38101983
38111983
38121983
38131983
38141983
38151983
38161983
38171983
38181983
38191983
38201983
38211983
38221983
38231983
38241983
38251983
38261983
38271983
38281983
38291983
38301983
38311983
38321983
38331983
38341983
38351983
38361983
38371983
38381983
38391983
38401983
38411983
38421983
38431983
38441983
38451983
38461983
38471983
38481983
38491983
38501983
38511983
38521983
38531983
38541983
38551983
38561983
38571983
38581983
38591983
38601983
38611983
38621983
38631983
38641983
38651983
38661983
38671983
38681983
38691983
38701983
38711983
38721983
38731983
38741983
38751983
38761983
38771983
38781983
38791983
38801983
38811983
38821983
38831983
38841983
38851983
38861983
38871983
38881983
38891983
38901983
38911983
38921983
38931983
38941983
38951983
38961983
38971983
38981983
38991983
39001983
39011983
39021983
39031983
39041983
39051983
39061983
39071983
39081983
39091983
39101983
39111983
39121983
39131983
39141983
39151983
39161983
39171983
39181983
39191983
39201983
39211983
39221983
39231983
39241983
39251983
39261983
39271983
39281983
39291983
39301983
39311983
39321983
39331983
39341983
39351983
39361983
39371983
39381983
39391983
39401983
39411983
39421983
39431983
39441983
39451983
39461983
39471983
39481983
39491983
39501983
39511983
39521983
39531983
39541983
39551983
39561983
39571983
39581983
39591983
39601983
39611983
39621983
39631983
39641983
39651983
39661983
39671983
39681983
39691983
39701983
39711983
39721983
39731983
39741983
39751983
39761983
39771983
39781983
39791983
39801983
39811983
39821983
39831983
39841983
39851983
39861983
39871983
39881983
39891983
39901983
39911983
39921983
39931983
39941983
39951983
39961983
39971983
39981983
39991983
40001983
40011983
40021983
40031983
40041983
40051983
40061983
40071983
40081983
40091983
40101983
40111983
40121983
40131983
40141983
40151983
40161983
40171983
40181983
40191983
40201983
40211983
40221983
40231983
40241983
40251983
40261983
40271983
40281983
40291983
40301983
40311983
40321983
40331983
40341983
40351983
40361983
40371983
40381983
40391983
40401983
40411983
40421983
40431983
40441983
40451983
40461983
40471983
40481983
40491983
40501983
40511983
40521983
40531983
40541983
40551983
40561983
40571983
40581983
40591983
40601983
40611983
40621983
40631983
40641983
40651983
40661983
40671983
40681983
40691983
40701983
40711983
40721983
40731983
40741983
40751983
40761983
40771983
40781983
40791983
40801983
40811983
40821983
40831983
40841983
40851983
40861983
40871983
40881983
40891983
40901983
40911983
40921983
40931983
40941983
40951983
40961983
40971983
40981983
40991983
41001983
41011983
41021983
41031983
41041983
41051983
41061983
41071983
41081983
41091983
41101983
41111983
41121983
41131983
41141983
41151983
41161983
41171983
41181983
41191983
41201983
41211983
41221983
41231983
41241983
41251983
41261983
41271983
41281983
41291983
41301983
41311983
41321983
41331983
41341983
41351983
41361983
41371983
41381983
41391983
41401983
41411983
41421983
41431983
41441983
41451983
41461983
41471983
41481983
41491983
41501983
41511983
41521983
41531983
41541983
41551983
41561983
41571983
41581983
41591983
41601983
41611983
41621983
41631983
41641983
41651983
41661983
41671983
41681983
41691983
41701983
41711983
41721983
41731983
41741983
41751983
41761983
41771983
41781983
41791983
41801983
41811983
41821983
41831983
41841983
41851983
41861983
41871983
41881983
41891983
41901983
41911983
41921983
41931983
41941983
41951983
41961983
41971983
41981983
41991983
42001983
42011983
42021983
42031983
42041983
42051983
42061983
42071983
42081983
42091983
42101983
42111983
42121983
42131983
42141983
42151983
42161983
42171983
42181983
42191983
42201983
42211983
42221983
42231983
42241983
42251983
42261983
42271983
42281983
42291983
42301983
42311983
42321983
42331983
42341983
42351983
42361983
42371983
42381983
42391983
42401983
42411983
42421983
42431983
42441983
42451983
42461983
42471983
42481983
42491983
42501983
42511983
42521983
42531983
42541983
42551983
42561983
42571983
42581983
42591983
42601983
42611983
42621983
42631983
42641983
42651983
42661983
42671983
42681983
42691983
42701983
42711983
42721983
42731983
42741983
42751983
42761983
42771983
42781983
42791983
42801983
42811983
42821983
42831983
42841983
42851983
42861983
42871983
42881983
42891983
42901983
42911983
42921983
42931983
42941983
42951983
42961983
42971983
42981983
42991983
43001983
43011983
43021983
43031983
43041983
43051983
43061983
43071983
43081983
43091983
43101983
43111983
43121983
43131983
43141983
43151983
43161983
43171983
43181983
43191983
43201983
43211983
43221983
43231983
43241983
43251983
43261983
43271983
43281983
43291983
43301983
43311983
43321983
43331983
43341983
43351983
43361983
43371983
43381983
43391983
43401983
43411983
43421983
43431983
43441983
43451983
43461983
43471983
43481983
43491983
43501983
43511983
43521983
43531983
43541983
43551983
43561983
43571983
43581983
43591983
43601983
43611983
43621983
43631983
43641983
43651983
43661983
43671983
43681983
43691983
43701983
43711983
43721983
43731983
43741983
43751983
43761983
43771983
43781983
43791983
43801983
43811983
43821983
43831983
43841983
43851983
43861983
43871983
43881983
43891983
43901983
43911983
43921983
43931983
43941983
43951983
43961983
43971983
43981983
43991983
44001983
44011983
44021983
44031983
44041983
44051983
44061983
44071983
44081983
44091983
44101983
44111983
44121983
44131983
44141983
44151983
44161983
44171983
44181983
44191983
44201983
44211983
44221983
44231983
44241983
44251983
44261983
44271983
44281983
44291983
44301983
44311983
44321983
44331983
44341983
44351983
44361983
44371983
44381983
44391983
44401983
44411983
44421983
44431983
44441983
44451983
44461983
44471983
44481983
44491983
44501983
44511983
44521983
44531983
44541983
44551983
44561983
44571983
44581983
44591983
44601983
44611983
44621983
44631983
44641983
44651983
44661983
44671983
44681983
44691983
44701983
44711983
44721983
44731983
44741983
44751983
44761983
44771983
44781983
44791983
44801983
44811983
44821983
44831983
44841983
44851983
44861983
44871983
44881983
44891983
44901983
44911983
44921983
44931983
44941983
44951983
44961983
44971983
44981983
44991983
45001983
45011983
45021983
45031983
45041983
45051983
45061983
45071983
45081983
45091983
45101983
45111983
45121983
45131983
45141983
45151983
45161983
45171983
45181983
45191983
45201983
45211983
45221983
45231983
45241983
45251983
45261983
45271983
45281983
45291983
45301983
45311983
45321983
45331983
45341983
45351983
45361983
45371983
45381983
45391983
45401983
45411983
45421983
45431983
45441983
45451983
45461983
45471983
45481983
45491983
45501983
45511983
45521983
45531983
45541983
45551983
45561983
45571983
45581983
45591983
45601983
45611983
45621983
45631983
45641983
45651983
45661983
45671983
45681983
45691983
45701983
45711983
45721983
45731983
45741983
45751983
45761983
45771983
45781983
45791983
45801983
45811983
45821983
45831983
45841983
45851983
45861983
45871983
45881983
45891983
45901983
45911983
45921983
45931983
45941983
45951983
45961983
45971983
45981983
45991983
46001983
46011983
46021983
46031983
46041983
46051983
46061983
46071983
46081983
46091983
46101983
46111983
46121983
46131983
46141983
46151983
46161983
46171983
46181983
46191983
46201983
46211983
46221983
46231983
46241983
46251983
46261983
46271983
46281983
46291983
46301983
46311983
46321983
46331983
46341983
46351983
46361983
46371983
46381983
46391983
46401983
46411983
46421983
46431983
46441983
46451983
46461983
46471983
46481983
46491983
46501983
46511983
46521983
46531983
46541983
46551983
46561983
46571983
46581983
46591983
46601983
46611983
46621983
46631983
46641983
46651983
46661983
46671983
46681983
46691983
46701983
46711983
46721983
46731983
46741983
46751983
46761983
46771983
46781983
46791983
46801983
46811983
46821983
46831983
46841983
46851983
46861983
46871983
46881983
46891983
46901983
46911983
46921983
46931983
46941983
46951983
46961983
46971983
46981983
46991983
47001983
47011983
47021983
47031983
47041983
47051983
47061983
47071983
47081983
47091983
47101983
47111983
47121983
47131983
47141983
47151983
47161983
47171983
47181983
47191983
47201983
47211983
47221983
47231983
47241983
47251983
47261983
47271983
47281983
47291983
47301983
47311983
47321983
47331983
47341983
47351983
47361983
47371983
47381983
47391983
47401983
47411983
47421983
47431983
47441983
47451983
47461983
47471983
47481983
47491983
47501983
47511983
47521983
47531983
47541983
47551983
47561983
47571983
47581983
47591983
47601983
47611983
47621983
47631983
47641983
47651983
47661983
47671983
47681983
47691983
47701983
47711983
47721983
47731983
47741983
47751983
47761983
47771983
47781983
47791983
47801983
47811983
47821983
47831983
47841983
47851983
47861983
47871983
47881983
47891983
47901983
47911983
47921983
47931983
47941983
47951983
47961983
47971983
47981983
47991983
48001983
48011983
48021983
48031983
48041983
48051983
48061983
48071983
48081983
48091983
48101983
48111983
48121983
48131983
48141983
48151983
48161983
48171983
48181983
48191983
48201983
48211983
48221983
48231983
48241983
48251983
48261983
48271983
48281983
48291983
48301983
48311983
48321983
48331983
48341983
48351983
48361983
48371983
48381983
48391983
48401983
48411983
48421983
48431983
48441983
48451983
48461983
48471983
48481983
48491983
48501983
48511983
48521983
48531983
48541983
48551983
48561983
48571983
48581983
48591983
48601983
48611983
48621983
48631983
48641983
48651983
48661983
48671983
48681983
48691983
48701983
48711983
48721983
48731983
48741983
48751983
48761983
48771983
48781983
48791983
48801983
48811983
48821983
48831983
48841983
48851983
48861983
48871983
48881983
48891983
48901983
48911983
48921983
48931983
48941983
48951983
48961983
48971983
48981983
48991983
49001983
49011983
49021983
49031983
49041983
49051983
49061983
49071983
49081983
49091983
49101983
49111983
49121983
49131983
49141983
49151983
49161983
49171983
49181983
49191983
49201983
49211983
49221983
49231983
49241983
49251983
49261983
49271983
49281983
49291983
49301983
49311983
49321983
49331983
49341983
49351983
49361983
49371983
49381983
49391983
49401983
49411983
49421983
49431983
49441983
49451983
49461983
49471983
49481983
49491983
49501983
49511983
49521983
49531983
49541983
49551983
49561983
49571983
49581983
49591983
49601983
49611983
49621983
49631983
49641983
49651983
49661983
49671983
49681983
49691983
49701983
49711983
49721983
49731983
49741983
49751983
49761983
49771983
49781983
49791983
49801983
49811983
49821983
49831983
49841983
49851983
49861983
49871983
49881983
49891983
49901983
49911983
49921983
49931983
49941983
49951983
49961983
49971983
49981983
49991983
50001983
50011983
50021983
50031983
50041983
50051983
50061983
50071983
50081983
50091983
50101983
50111983
50121983
50131983
50141983
50151983
50161983
50171983
50181983
50191983
50201983
50211983
50221983
50231983
50241983
50251983
50261983
50271983
50281983
50291983
50301983
50311983
50321983
50331983
50341983
50351983
50361983
50371983
50381983
50391983
50401983
50411983
50421983
50431983
50441983
50451983
50461983
50471983
50481983
50491983
50501983
50511983
50521983
50531983
50541983
50551983
50561983
50571983
50581983
50591983
50601983
50611983
50621983
50631983
50641983
50651983
50661983
50671983
50681983
50691983
50701983
50711983
50721983
50731983
50741983
50751983
50761983
50771983
50781983
50791983
50801983
50811983
50821983
50831983
50841983
50851983
50861983
50871983
50881983
50891983
50901983
50911983
50921983
50931983
50941983
50951983
50961983
50971983
50981983
50991983
51001983
51011983
51021983
51031983
51041983
51051983
51061983
51071983
51081983
51091983
51101983
51111983
51121983
51131983
51141983
51151983
51161983
51171983
51181983
51191983
51201983
51211983
51221983
51231983
51241983
51251983
51261983
51271983
51281983
51291983
51301983
51311983
51321983
51331983
51341983
51351983
51361983
51371983
51381983
51391983
51401983
51411983
51421983
51431983
51441983
51451983
51461983
51471983
51481983
51491983
51501983
51511983
51521983
51531983
51541983
51551983
51561983
51571983
51581983
51591983
51601983
51611983
51621983
51631983
51641983
51651983
51661983
51671983
51681983
51691983
51701983
51711983
51721983
51731983
51741983
51751983
51761983
51771983
51781983
51791983
51801983
51811983
51821983
51831983
51841983
51851983
51861983
51871983
51881983
51891983
51901983
51911983
51921983
51931983
51941983
51951983
51961983
51971983
51981983
51991983
52001983
52011983
52021983
52031983
52041983
52051983
52061983
52071983
52081983
52091983
52101983
52111983
52121983
52131983
52141983
52151983
52161983
52171983
52181983
52191983
52201983
52211983
52221983
52231983
52241983
52251983
52261983
52271983
52281983
52291983
52301983
52311983
52321983
52331983
52341983
52351983
52361983
52371983
52381983
52391983
52401983
52411983
52421983
52431983
52441983
52451983
52461983
52471983
52481983
52491983
52501983
52511983
52521983
52531983
52541983
52551983
52561983
52571983
52581983
52591983
52601983
52611983
52621983
52631983
52641983
52651983
52661983
52671983
52681983
52691983
52701983
52711983
52721983
52731983
52741983
52751983
52761983
52771983
52781983
52791983
52801983
52811983
52821983
52831983
52841983
52851983
52861983
52871983
52881983
52891983
52901983
52911983
52921983
52931983
52941983
52951983
52961983
52971983
52981983
52991983
53001983
53011983
53021983
53031983
53041983
53051983
53061983
53071983
53081983
53091983
53101983
53111983
53121983
53131983
53141983
53151983
53161983
53171983
53181983
53191983
53201983
53211983
53221983
53231983
53241983
53251983
53261983
53271983
53281983
53291983
53301983
53311983
53321983
53331983
53341983
53351983
53361983
53371983
53381983
53391983
53401983
53411983
53421983
53431983
53441983
53451983
53461983
53471983
53481983
53491983
53501983
53511983
53521983
53531983
53541983
53551983
53561983
53571983
53581983
53591983
53601983
53611983
53621983
53631983
53641983
53651983
53661983
53671983
53681983
53691983
53701983
53711983
53721983
53731983
53741983
53751983
53761983
53771983
53781983
53791983
53801983
53811983
53821983
53831983
53841983
53851983
53861983
53871983
53881983
53891983
53901983
53911983
53921983
53931983
53941983
53951983
53961983
53971983
53981983
53991983
54001983
54011983
54021983
54031983
54041983
54051983
54061983
54071983
54081983
54091983
54101983
54111983
54121983
54131983
54141983
54151983
54161983
54171983
54181983
54191983
54201983
54211983
54221983
54231983
54241983
54251983
54261983
54271983
54281983
54291983
54301983
54311983
54321983
54331983
54341983
54351983
54361983
54371983
54381983
54391983
54401983
54411983
54421983
54431983
54441983
54451983
54461983
54471983
54481983
54491983
54501983
54511983
54521983
54531983
54541983
54551983
54561983
54571983
54581983
54591983
54601983
54611983
54621983
54631983
54641983
54651983
54661983
54671983
54681983
54691983
54701983
54711983
54721983
54731983
54741983
54751983
54761983
54771983
54781983
54791983
54801983
54811983
54821983
54831983
54841983
54851983
54861983
54871983
54881983
54891983
54901983
54911983
54921983
54931983
54941983
54951983
54961983
54971983
54981983
54991983
55001983
55011983
55021983
55031983
55041983
55051983
55061983
55071983
55081983
55091983
55101983
55111983
55121983
55131983
55141983
55151983
55161983
55171983
55181983
55191983
55201983
55211983
55221983
55231983
55241983
55251983
55261983
55271983
55281983
55291983
55301983
55311983
55321983
55331983
55341983
55351983
55361983
55371983
55381983
55391983
55401983
55411983
55421983
55431983
55441983
55451983
55461983
55471983
55481983
55491983
55501983
55511983
55521983
55531983
55541983
55551983
55561983
55571983
55581983
55591983
55601983
55611983
55621983
55631983
55641983
55651983
55661983
55671983
55681983
55691983
55701983
55711983
55721983
55731983
55741983
55751983
55761983
55771983
55781983
55791983
55801983
55811983
55821983
55831983
55841983
55851983
55861983
55871983
55881983
55891983
55901983
55911983
55921983
55931983
55941983
55951983
55961983
55971983
55981983
55991983
56001983
56011983
56021983
56031983
56041983
56051983
56061983
56071983
56081983
56091983
56101983
56111983
56121983
56131983
56141983
56151983
56161983
56171983
56181983
56191983
56201983
56211983
56221983
56231983
56241983
56251983
56261983
56271983
56281983
56291983
56301983
56311983
56321983
56331983
56341983
56351983
56361983
56371983
56381983
56391983
56401983
56411983
56421983
56431983
56441983
56451983
56461983
56471983
56481983
56491983
56501983
56511983
56521983
56531983
56541983
56551983
56561983
56571983
56581983
56591983
56601983
56611983
56621983
56631983
56641983
56651983
56661983
56671983
56681983
56691983
56701983
56711983
56721983
56731983
56741983
56751983
56761983
56771983
56781983
56791983
56801983
56811983
56821983
56831983
56841983
56851983
56861983
56871983
56881983
56891983
56901983
56911983
56921983
56931983
56941983
56951983
56961983
56971983
56981983
56991983
57001983
57011983
57021983
57031983
57041983
57051983
57061983
57071983
57081983
57091983
57101983
57111983
57121983
57131983
57141983
57151983
57161983
57171983
57181983
57191983
57201983
57211983
57221983
57231983
57241983
57251983
57261983
57271983
57281983
57291983
57301983
57311983
57321983
57331983
57341983
57351983
57361983
57371983
57381983
57391983
57401983
57411983
57421983
57431983
57441983
57451983
57461983
57471983
57481983
57491983
57501983
57511983
57521983
57531983
57541983
57551983
57561983
57571983
57581983
57591983
57601983
57611983
57621983
57631983
57641983
57651983
57661983
57671983
57681983
57691983
57701983
57711983
57721983
57731983
57741983
57751983
57761983
57771983
57781983
57791983
57801983
57811983
57821983
57831983
57841983
57851983
57861983
57871983
57881983
57891983
57901983
57911983
57921983
57931983
57941983
57951983
57961983
57971983
57981983
57991983
58001983
58011983
58021983
58031983
58041983
58051983
58061983
58071983
58081983
58091983
58101983
58111983
58121983
58131983
58141983
58151983
58161983
58171983
58181983
58191983
58201983
58211983
58221983
58231983
58241983
58251983
58261983
58271983
58281983
58291983
58301983
58311983
58321983
58331983
58341983
58351983
58361983
58371983
58381983
58391983
58401983
58411983
58421983
58431983
58441983
58451983
58461983
58471983
58481983
58491983
58501983
58511983
58521983
58531983
58541983
58551983
58561983
58571983
58581983
58591983
58601983
58611983
58621983
58631983
58641983
58651983
58661983
58671983
58681983
58691983
58701983
58711983
58721983
58731983
58741983
58751983
58761983
58771983
58781983
58791983
58801983
58811983
58821983
58831983
58841983
58851983
58861983
58871983
58881983
58891983
58901983
58911983
58921983
58931983
58941983
58951983
58961983
58971983
58981983
58991983
59001983
59011983
59021983
59031983
59041983
59051983
59061983
59071983
59081983
59091983
59101983
59111983
59121983
59131983
59141983
59151983
59161983
59171983
59181983
59191983
59201983
59211983
59221983
59231983
59241983
59251983
59261983
59271983
59281983
59291983
59301983
59311983
59321983
59331983
59341983
59351983
59361983
59371983
59381983
59391983
59401983
59411983
59421983
59431983
59441983
59451983
59461983
59471983
59481983
59491983
59501983
59511983
59521983
59531983
59541983
59551983
59561983
59571983
59581983
59591983
59601983
59611983
59621983
59631983
59641983
59651983
59661983
59671983
59681983
59691983
59701983
59711983
59721983
59731983
59741983
59751983
59761983
59771983
59781983
59791983
59801983
59811983
59821983
59831983
59841983
59851983
59861983
59871983
59881983
59891983
59901983
59911983
59921983
59931983
59941983
59951983
59961983
59971983
59981983
59991983
60001983
60011983
60021983
60031983
60041983
60051983
60061983
60071983
60081983
60091983
60101983
60111983
60121983
60131983
60141983
60151983
60161983
60171983
60181983
60191983
60201983
60211983
60221983
60231983
60241983
60251983
60261983
60271983
60281983
60291983
60301983
60311983
60321983
60331983
60341983
60351983
60361983
60371983
60381983
60391983
60401983
60411983
60421983
60431983
60441983
60451983
60461983
60471983
60481983
60491983
60501983
60511983
60521983
60531983
60541983
60551983
60561983
60571983
60581983
60591983
60601983
60611983
60621983
60631983
60641983
60651983
60661983
60671983
60681983
60691983
60701983
60711983
60721983
60731983
60741983
60751983
60761983
60771983
60781983
60791983
60801983
60811983
60821983
60831983
60841983
60851983
60861983
60871983
60881983
60891983
60901983
60911983
60921983
60931983
60941983
60951983
60961983
60971983
60981983
60991983
61001983
61011983
61021983
61031983
61041983
61051983
61061983
61071983
61081983
61091983
61101983
61111983
61121983
61131983
61141983
61151983
61161983
61171983
61181983
61191983
61201983
61211983
61221983
61231983
61241983
61251983
61261983
61271983
61281983
61291983
61301983
61311983
61321983
61331983
61341983
61351983
61361983
61371983
61381983
61391983
61401983
61411983
61421983
61431983
61441983
61451983
61461983
61471983
61481983
61491983
61501983
61511983
61521983
61531983
61541983
61551983
61561983
61571983
61581983
61591983
61601983
61611983
61621983
61631983
61641983
61651983
61661983
61671983
61681983
61691983
61701983
61711983
61721983
61731983
61741983
61751983
61761983
61771983
61781983
61791983
61801983
61811983
61821983
61831983
61841983
61851983
61861983
61871983
61881983
61891983
61901983
61911983
61921983
61931983
61941983
61951983
61961983
61971983
61981983
61991983
62001983
62011983
62021983
62031983
62041983
62051983
62061983
62071983
62081983
62091983
62101983
62111983
62121983
62131983
62141983
62151983
62161983
62171983
62181983
62191983
62201983
62211983
62221983
62231983
62241983
62251983
62261983
62271983
62281983
62291983
62301983
62311983
62321983
62331983
62341983
62351983
62361983
62371983
62381983
62391983
62401983
62411983
62421983
62431983
62441983
62451983
62461983
62471983
62481983
62491983
62501983
62511983
62521983
62531983
62541983
62551983
62561983
62571983
62581983
62591983
62601983
62611983
62621983
62631983
62641983
62651983
62661983
62671983
62681983
62691983
62701983
62711983
62721983
62731983
62741983
62751983
62761983
62771983
62781983
62791983
62801983
62811983
62821983
62831983
62841983
62851983
62861983
62871983
62881983
62891983
62901983
62911983
62921983
62931983
62941983
62951983
62961983
62971983
62981983
62991983
63001983
63011983
63021983
63031983
63041983
63051983
63061983
63071983
63081983
63091983
63101983
63111983
63121983
63131983
63141983
63151983
63161983
63171983
63181983
63191983
63201983
63211983
63221983
63231983
63241983
63251983
63261983
63271983
63281983
63291983
63301983
63311983
63321983
63331983
63341983
63351983
63361983
63371983
63381983
63391983
63401983
63411983
63421983
63431983
63441983
63451983
63461983
63471983
63481983
63491983
63501983
63511983
63521983
63531983
63541983
63551983
63561983
63571983
63581983
63591983
63601983
63611983
63621983
63631983
63641983
63651983
63661983
63671983
63681983
63691983
63701983
63711983
63721983
63731983
63741983
63751983
63761983
63771983
63781983
63791983
63801983
63811983
63821983
63831983
63841983
63851983
63861983
63871983
63881983
63891983
63901983
63911983
63921983
63931983
63941983
63951983
63961983
63971983
63981983
63991983
64001983
64011983
64021983
64031983
64041983
64051983
64061983
64071983
64081983
64091983
64101983
64111983
64121983
64131983
64141983
64151983
64161983
64171983
64181983
64191983
64201983
64211983
64221983
64231983
64241983
64251983
64261983
64271983
64281983
64291983
64301983
64311983
64321983
64331983
64341983
64351983
64361983
64371983
64381983
64391983
64401983
64411983
64421983
64431983
64441983
64451983
64461983
64471983
64481983
64491983
64501983
64511983
64521983
64531983
64541983
64551983
64561983
64571983
64581983
64591983
64601983
64611983
64621983
64631983
64641983
64651983
64661983
64671983
64681983
64691983
64701983
64711983
64721983
64731983
64741983
64751983
64761983
64771983
64781983
64791983
64801983
64811983
64821983
64831983
64841983
64851983
64861983
64871983
64881983
64891983
64901983
64911983
64921983
64931983
64941983
64951983
64961983
64971983
64981983
64991983
65001983
65011983
65021983
65031983
65041983
65051983
65061983
65071983
65081983
65091983
65101983
65111983
65121983
65131983
65141983
65151983
65161983
65171983
65181983
65191983
65201983
65211983
65221983
65231983
65241983
65251983
65261983
65271983
65281983
65291983
65301983
65311983
65321983
65331983
65341983
65351983
65361983
65371983
65381983
65391983
65401983
65411983
65421983
65431983
65441983
65451983
65461983
65471983
65481983
65491983
65501983
65511983
65521983
65531983
65541983
65551983
65561983
65571983
65581983
65591983
65601983
65611983
65621983
65631983
65641983
65651983
65661983
65671983
65681983
65691983
65701983
65711983
65721983
65731983
65741983
65751983
65761983
65771983
65781983
65791983
65801983
65811983
65821983
65831983
65841983
65851983
65861983
65871983
65881983
65891983
65901983
65911983
65921983
65931983
65941983
65951983
65961983
65971983
65981983
65991983
66001983
66011983
66021983
66031983
66041983
66051983
66061983
66071983
66081983
66091983
66101983
66111983
66121983
66131983
66141983
66151983
66161983
66171983
66181983
66191983
66201983
66211983
66221983
66231983
66241983
66251983
66261983
66271983
66281983
66291983
66301983
66311983
66321983
66331983
66341983
66351983
66361983
66371983
66381983
66391983
66401983
66411983
66421983
66431983
66441983
66451983
66461983
66471983
66481983
66491983
66501983
66511983
66521983
66531983
66541983
66551983
66561983
66571983
66581983
66591983
66601983
66611983
66621983
66631983
66641983
66651983
66661983
66671983
66681983
66691983
66701983
66711983
66721983
66731983
66741983
66751983
66761983
66771983
66781983
66791983
66801983
66811983
66821983
66831983
66841983
66851983
66861983
66871983
66881983
66891983
66901983
66911983
66921983
66931983
66941983
66951983
66961983
66971983
66981983
66991983
67001983
67011983
67021983
67031983
67041983
67051983
67061983
67071983
67081983
67091983
67101983
67111983
67121983
67131983
67141983
67151983
67161983
67171983
67181983
67191983
67201983
67211983
67221983
67231983
67241983
67251983
67261983
67271983
67281983
67291983
67301983
67311983
67321983
67331983
67341983
67351983
67361983
67371983
67381983
67391983
67401983
67411983
67421983
67431983
67441983
67451983
67461983
67471983
67481983
67491983
67501983
67511983
67521983
67531983
67541983
67551983
67561983
67571983
67581983
67591983
67601983
67611983
67621983
67631983
67641983
67651983
67661983
67671983
67681983
67691983
67701983
67711983
67721983
67731983
67741983
67751983
67761983
67771983
67781983
67791983
67801983
67811983
67821983
67831983
67841983
67851983
67861983
67871983
67881983
67891983
67901983
67911983
67921983
67931983
67941983
67951983
67961983
67971983
67981983
67991983
68001983
68011983
68021983
68031983
68041983
68051983
68061983
68071983
68081983
68091983
68101983
68111983
68121983
68131983
68141983
68151983
68161983
68171983
68181983
68191983
68201983
68211983
68221983
68231983
68241983
68251983
68261983
68271983
68281983
68291983
68301983
68311983
68321983
68331983
68341983
68351983
68361983
68371983
68381983
68391983
68401983
68411983
68421983
68431983
68441983
68451983
68461983
68471983
68481983
68491983
68501983
68511983
68521983
68531983
68541983
68551983
68561983
68571983
68581983
68591983
68601983
68611983
68621983
68631983
68641983
68651983
68661983
68671983
68681983
68691983
68701983
68711983
68721983
68731983
68741983
68751983
68761983
68771983
68781983
68791983
68801983
68811983
68821983
68831983
68841983
68851983
68861983
68871983
68881983
68891983
68901983
68911983
68921983
68931983
68941983
68951983
68961983
68971983
68981983
68991983
69001983
69011983
69021983
69031983
69041983
69051983
69061983
69071983
69081983
69091983
69101983
69111983
69121983
69131983
69141983
69151983
69161983
69171983
69181983
69191983
69201983
69211983
69221983
69231983
69241983
69251983
69261983
69271983
69281983
69291983
69301983
69311983
69321983
69331983
69341983
69351983
69361983
69371983
69381983
69391983
69401983
69411983
69421983
69431983
69441983
69451983
69461983
69471983
69481983
69491983
69501983
69511983
69521983
69531983
69541983
69551983
69561983
69571983
69581983
69591983
69601983
69611983
69621983
69631983
69641983
69651983
69661983
69671983
69681983
69691983
69701983
69711983
69721983
69731983
69741983
69751983
69761983
69771983
69781983
69791983
69801983
69811983
69821983
69831983
69841983
69851983
69861983
69871983
69881983
69891983
69901983
69911983
69921983
69931983
69941983
69951983
69961983
69971983
69981983
69991983
70001983
70011983
70021983
70031983
70041983
70051983
70061983
70071983
70081983
70091983
70101983
70111983
70121983
70131983
70141983
70151983
70161983
70171983
70181983
70191983
70201983
70211983
70221983
70231983
70241983
70251983
70261983
70271983
70281983
70291983
70301983
70311983
70321983
70331983
70341983
70351983
70361983
70371983
70381983
70391983
70401983
70411983
70421983
70431983
70441983
70451983
70461983
70471983
70481983
70491983
70501983
70511983
70521983
70531983
70541983
70551983
70561983
70571983
70581983
70591983
70601983
70611983
70621983
70631983
70641983
70651983
70661983
70671983
70681983
70691983
70701983
70711983
70721983
70731983
70741983
70751983
70761983
70771983
70781983
70791983
70801983
70811983
70821983
70831983
70841983
70851983
70861983
70871983
70881983
70891983
70901983
70911983
70921983
70931983
70941983
70951983
70961983
70971983
70981983
70991983
71001983
71011983
71021983
71031983
71041983
71051983
71061983
71071983
71081983
71091983
71101983
71111983
71121983
71131983
71141983
71151983
71161983
71171983
71181983
71191983
71201983
71211983
71221983
71231983
71241983
71251983
71261983
71271983
71281983
71291983
71301983
71311983
71321983
71331983
71341983
71351983
71361983
71371983
71381983
71391983
71401983
71411983
71421983
71431983
71441983
71451983
71461983
71471983
71481983
71491983
71501983
71511983
71521983
71531983
71541983
71551983
71561983
71571983
71581983
71591983
71601983
71611983
71621983
71631983
71641983
71651983
71661983
71671983
71681983
71691983
71701983
71711983
71721983
71731983
71741983
71751983
71761983
71771983
71781983
71791983
71801983
71811983
71821983
71831983
71841983
71851983
71861983
71871983
71881983
71891983
71901983
71911983
71921983
71931983
71941983
71951983
71961983
71971983
71981983
71991983
72001983
72011983
72021983
72031983
72041983
72051983
72061983
72071983
72081983
72091983
72101983
72111983
72121983
72131983
72141983
72151983
72161983
72171983
72181983
72191983
72201983
72211983
72221983
72231983
72241983
72251983
72261983
72271983
72281983
72291983
72301983
72311983
72321983
72331983
72341983
72351983
72361983
72371983
72381983
72391983
72401983
72411983
72421983
72431983
72441983
72451983
72461983
72471983
72481983
72491983
72501983
72511983
72521983
72531983
72541983
72551983
72561983
72571983
72581983
72591983
72601983
72611983
72621983
72631983
72641983
72651983
72661983
72671983
72681983
72691983
72701983
72711983
72721983
72731983
72741983
72751983
72761983
72771983
72781983
72791983
72801983
72811983
72821983
72831983
72841983
72851983
72861983
72871983
72881983
72891983
72901983
72911983
72921983
72931983
72941983
72951983
72961983
72971983
72981983
72991983
73001983
73011983
73021983
73031983
73041983
73051983
73061983
73071983
73081983
73091983
73101983
73111983
73121983
73131983
73141983
73151983
73161983
73171983
73181983
73191983
73201983
73211983
73221983
73231983
73241983
73251983
73261983
73271983
73281983
73291983
73301983
73311983
73321983
73331983
73341983
73351983
73361983
73371983
73381983
73391983
73401983
73411983
73421983
73431983
73441983
73451983
73461983
73471983
73481983
73491983
73501983
73511983
73521983
73531983
73541983
73551983
73561983
73571983
73581983
73591983
73601983
73611983
73621983
73631983
73641983
73651983
73661983
73671983
73681983
73691983
73701983
73711983
73721983
73731983
73741983
73751983
73761983
73771983
73781983
73791983
73801983
73811983
73821983
73831983
73841983
73851983
73861983
73871983
73881983
73891983
73901983
73911983
73921983
73931983
73941983
73951983
73961983
73971983
73981983
73991983
74001983
74011983
74021983
74031983
74041983
74051983
74061983
74071983
74081983
74091983
74101983
74111983
74121983
74131983
74141983
74151983
74161983
74171983
74181983
74191983
74201983
74211983
74221983
74231983
74241983
74251983
74261983
74271983
74281983
74291983
74301983
74311983
74321983
74331983
74341983
74351983
74361983
74371983
74381983
74391983
74401983
74411983
74421983
74431983
74441983
74451983
74461983
74471983
74481983
74491983
74501983
74511983
74521983
74531983
74541983
74551983
74561983
74571983
74581983
74591983
74601983
74611983
74621983
74631983
74641983
74651983
74661983
74671983
74681983
74691983
74701983
74711983
74721983
74731983
74741983
74751983
74761983
74771983
74781983
74791983
74801983
74811983
74821983
74831983
74841983
74851983
74861983
74871983
74881983
74891983
74901983
74911983
74921983
74931983
74941983
74951983
74961983
74971983
74981983
74991983
75001983
75011983
75021983
75031983
75041983
75051983
75061983
75071983
75081983
75091983
75101983
75111983
75121983
75131983
75141983
75151983
75161983
75171983
75181983
75191983
75201983
75211983
75221983
75231983
75241983
75251983
75261983
75271983
75281983
75291983
75301983
75311983
75321983
75331983
75341983
75351983
75361983
75371983
75381983
75391983
75401983
75411983
75421983
75431983
75441983
75451983
75461983
75471983
75481983
75491983
75501983
75511983
75521983
75531983
75541983
75551983
75561983
75571983
75581983
75591983
75601983
75611983
75621983
75631983
75641983
75651983
75661983
75671983
75681983
75691983
75701983
75711983
75721983
75731983
75741983
75751983
75761983
75771983
75781983
75791983
75801983
75811983
75821983
75831983
75841983
75851983
75861983
75871983
75881983
75891983
75901983
75911983
75921983
75931983
75941983
75951983
75961983
75971983
75981983
75991983
76001983
76011983
76021983
76031983
76041983
76051983
76061983
76071983
76081983
76091983
76101983
76111983
76121983
76131983
76141983
76151983
76161983
76171983
76181983
76191983
76201983
76211983
76221983
76231983
76241983
76251983
76261983
76271983
76281983
76291983
76301983
76311983
76321983
76331983
76341983
76351983
76361983
76371983
76381983
76391983
76401983
76411983
76421983
76431983
76441983
76451983
76461983
76471983
76481983
76491983
76501983
76511983
76521983
76531983
76541983
76551983
76561983
76571983
76581983
76591983
76601983
76611983
76621983
76631983
76641983
76651983
76661983
76671983
76681983
76691983
76701983
76711983
76721983
76731983
76741983
76751983
76761983
76771983
76781983
76791983
76801983
76811983
76821983
76831983
76841983
76851983
76861983
76871983
76881983
76891983
76901983
76911983
76921983
76931983
76941983
76951983
76961983
76971983
76981983
76991983
77001983
77011983
77021983
77031983
77041983
77051983
77061983
77071983
77081983
77091983
77101983
77111983
77121983
77131983
77141983
77151983
77161983
77171983
77181983
77191983
77201983
77211983
77221983
77231983
77241983
77251983
77261983
77271983
77281983
77291983
77301983
77311983
77321983
77331983
77341983
77351983
77361983
77371983
77381983
77391983
77401983
77411983
77421983
77431983
77441983
77451983
77461983
77471983
77481983
77491983
77501983
77511983
77521983
77531983
77541983
77551983
77561983
77571983
77581983
77591983
77601983
77611983
77621983
77631983
77641983
77651983
77661983
77671983
77681983
77691983
77701983
77711983
77721983
77731983
77741983
77751983
77761983
77771983
77781983
77791983
77801983
77811983
77821983
77831983
77841983
77851983
77861983
77871983
77881983
77891983
77901983
77911983
77921983
77931983
77941983
77951983
77961983
77971983
77981983
77991983
78001983
78011983
78021983
78031983
78041983
78051983
78061983
78071983
78081983
78091983
78101983
78111983
78121983
78131983
78141983
78151983
78161983
78171983
78181983
78191983
78201983
78211983
78221983
78231983
78241983
78251983
78261983
78271983
78281983
78291983
78301983
78311983
78321983
78331983
78341983
78351983
78361983
78371983
78381983
78391983
78401983
78411983
78421983
78431983
78441983
78451983
78461983
78471983
78481983
78491983
78501983
78511983
78521983
78531983
78541983
78551983
78561983
78571983
78581983
78591983
78601983
78611983
78621983
78631983
78641983
78651983
78661983
78671983
78681983
78691983
78701983
78711983
78721983
78731983
78741983
78751983
78761983
78771983
78781983
78791983
78801983
78811983
78821983
78831983
78841983
78851983
78861983
78871983
78881983
78891983
78901983
78911983
78921983
78931983
78941983
78951983
78961983
78971983
78981983
78991983
79001983
79011983
79021983
79031983
79041983
79051983
79061983
79071983
79081983
79091983
79101983
79111983
79121983
79131983
79141983
79151983
79161983
79171983
79181983
79191983
79201983
79211983
79221983
79231983
79241983
79251983
79261983
79271983
79281983
79291983
79301983
79311983
79321983
79331983
79341983
79351983
79361983
79371983
79381983
79391983
79401983
79411983
79421983
79431983
79441983
79451983
79461983
79471983
79481983
79491983
79501983
79511983
79521983
79531983
79541983
79551983
79561983
79571983
79581983
79591983
79601983
79611983
79621983
79631983
79641983
79651983
79661983
79671983
79681983
79691983
79701983
79711983
79721983
79731983
79741983
79751983
79761983
79771983
79781983
79791983
79801983
79811983
79821983
79831983
79841983
79851983
79861983
79871983
79881983
79891983
79901983
79911983
79921983
79931983
79941983
79951983
79961983
79971983
79981983
79991983
80001983
80011983
80021983
80031983
80041983
80051983
80061983
80071983
80081983
80091983
80101983
80111983
80121983
80131983
80141983
80151983
80161983
80171983
80181983
80191983
80201983
80211983
80221983
80231983
80241983
80251983
80261983
80271983
80281983
80291983
80301983
80311983
80321983
80331983
80341983
80351983
80361983
80371983
80381983
80391983
80401983
80411983
80421983
80431983
80441983
80451983
80461983
80471983
80481983
80491983
80501983
80511983
80521983
80531983
80541983
80551983
80561983
80571983
80581983
80591983
80601983
80611983
80621983
80631983
80641983
80651983
80661983
80671983
80681983
80691983
80701983
80711983
80721983
80731983
80741983
80751983
80761983
80771983
80781983
80791983
80801983
80811983
80821983
80831983
80841983
80851983
80861983
80871983
80881983
80891983
80901983
80911983
80921983
80931983
80941983
80951983
80961983
80971983
80981983
80991983
81001983
81011983
81021983
81031983
81041983
81051983
81061983
81071983
81081983
81091983
81101983
81111983
81121983
81131983
81141983
81151983
81161983
81171983
81181983
81191983
81201983
81211983
81221983
81231983
81241983
81251983
81261983
81271983
81281983
81291983
81301983
81311983
81321983
81331983
81341983
81351983
81361983
81371983
81381983
81391983
81401983
81411983
81421983
81431983
81441983
81451983
81461983
81471983
81481983
81491983
81501983
81511983
81521983
81531983
81541983
81551983
81561983
81571983
81581983
81591983
81601983
81611983
81621983
81631983
81641983
81651983
81661983
81671983
81681983
81691983
81701983
81711983
81721983
81731983
81741983
81751983
81761983
81771983
81781983
81791983
81801983
81811983
81821983
81831983
81841983
81851983
81861983
81871983
81881983
81891983
81901983
81911983
81921983
81931983
81941983
81951983
81961983
81971983
81981983
81991983
82001983
82011983
82021983
82031983
82041983
82051983
82061983
82071983
82081983
82091983
82101983
82111983
82121983
82131983
82141983
82151983
82161983
82171983
82181983
82191983
82201983
82211983
82221983
82231983
82241983
82251983
82261983
82271983
82281983
82291983
82301983
82311983
82321983
82331983
82341983
82351983
82361983
82371983
82381983
82391983
82401983
82411983
82421983
82431983
82441983
82451983
82461983
82471983
82481983
82491983
82501983
82511983
82521983
82531983
82541983
82551983
82561983
82571983
82581983
82591983
82601983
82611983
82621983
82631983
82641983
82651983
82661983
82671983
82681983
82691983
82701983
82711983
82721983
82731983
82741983
82751983
82761983
82771983
82781983
82791983
82801983
82811983
82821983
82831983
82841983
82851983
82861983
82871983
82881983
82891983
82901983
82911983
82921983
82931983
82941983
82951983
82961983
82971983
82981983
82991983
83001983
83011983
83021983
83031983
83041983
83051983
83061983
83071983
83081983
83091983
83101983
83111983
83121983
83131983
83141983
83151983
83161983
83171983
83181983
83191983
83201983
83211983
83221983
83231983
83241983
83251983
83261983
83271983
83281983
83291983
83301983
83311983
83321983
83331983
83341983
83351983
83361983
83371983
83381983
83391983
83401983
83411983
83421983
83431983
83441983
83451983
83461983
83471983
83481983
83491983
83501983
83511983
83521983
83531983
83541983
83551983
83561983
83571983
83581983
83591983
83601983
83611983
83621983
83631983
83641983
83651983
83661983
83671983
83681983
83691983
83701983
83711983
83721983
83731983
83741983
83751983
83761983
83771983
83781983
83791983
83801983
83811983
83821983
83831983
83841983
83851983
83861983
83871983
83881983
83891983
83901983
83911983
83921983
83931983
83941983
83951983
83961983
83971983
83981983
83991983
84001983
84011983
84021983
84031983
84041983
84051983
84061983
84071983
84081983
84091983
84101983
84111983
84121983
84131983
84141983
84151983
84161983
84171983
84181983
84191983
84201983
84211983
84221983
84231983
84241983
84251983
84261983
84271983
84281983
84291983
84301983
84311983
84321983
84331983
84341983
84351983
84361983
84371983
84381983
84391983
84401983
84411983
84421983
84431983
84441983
84451983
84461983
84471983
84481983
84491983
84501983
84511983
84521983
84531983
84541983
84551983
84561983
84571983
84581983
84591983
84601983
84611983
84621983
84631983
84641983
84651983
84661983
84671983
84681983
84691983
84701983
84711983
84721983
84731983
84741983
84751983
84761983
84771983
84781983
84791983
84801983
84811983
84821983
84831983
84841983
84851983
84861983
84871983
84881983
84891983
84901983
84911983
84921983
84931983
84941983
84951983
84961983
84971983
84981983
84991983
85001983
85011983
85021983
85031983
85041983
85051983
85061983
85071983
85081983
85091983
85101983
85111983
85121983
85131983
85141983
85151983
85161983
85171983
85181983
85191983
85201983
85211983
85221983
85231983
85241983
85251983
85261983
85271983
85281983
85291983
85301983
85311983
85321983
85331983
85341983
85351983
85361983
85371983
85381983
85391983
85401983
85411983
85421983
85431983
85441983
85451983
85461983
85471983
85481983
85491983
85501983
85511983
85521983
85531983
85541983
85551983
85561983
85571983
85581983
85591983
85601983
85611983
85621983
85631983
85641983
85651983
85661983
85671983
85681983
85691983
85701983
85711983
85721983
85731983
85741983
85751983
85761983
85771983
85781983
85791983
85801983
85811983
85821983
85831983
85841983
85851983
85861983
85871983
85881983
85891983
85901983
85911983
85921983
85931983
85941983
85951983
85961983
85971983
85981983
85991983
86001983
86011983
86021983
86031983
86041983
86051983
86061983
86071983
86081983
86091983
86101983
86111983
86121983
86131983
86141983
86151983
86161983
86171983
86181983
86191983
86201983
86211983
86221983
86231983
86241983
86251983
86261983
86271983
86281983
86291983
86301983
86311983
86321983
86331983
86341983
86351983
86361983
86371983
86381983
86391983
86401983
86411983
86421983
86431983
86441983
86451983
86461983
86471983
86481983
86491983
86501983
86511983
86521983
86531983
86541983
86551983
86561983
86571983
86581983
86591983
86601983
86611983
86621983
86631983
86641983
86651983
86661983
86671983
86681983
86691983
86701983
86711983
86721983
86731983
86741983
86751983
86761983
86771983
86781983
86791983
86801983
86811983
86821983
86831983
86841983
86851983
86861983
86871983
86881983
86891983
86901983
86911983
86921983
86931983
86941983
86951983
86961983
86971983
86981983
86991983
87001983
87011983
87021983
87031983
87041983
87051983
87061983
87071983
87081983
87091983
87101983
87111983
87121983
87131983
87141983
87151983
87161983
87171983
87181983
87191983
87201983
87211983
87221983
87231983
87241983
87251983
87261983
87271983
87281983
87291983
87301983
87311983
87321983
87331983
87341983
87351983
87361983
87371983
87381983
87391983
87401983
87411983
87421983
87431983
87441983
87451983
87461983
87471983
87481983
87491983
87501983
87511983
87521983
87531983
87541983
87551983
87561983
87571983
87581983
87591983
87601983
87611983
87621983
87631983
87641983
87651983
87661983
87671983
87681983
87691983
87701983
87711983
87721983
87731983
87741983
87751983
87761983
87771983
87781983
87791983
87801983
87811983
87821983
87831983
87841983
87851983
87861983
87871983
87881983
87891983
87901983
87911983
87921983
87931983
87941983
87951983
87961983
87971983
87981983
87991983
88001983
88011983
88021983
88031983
88041983
88051983
88061983
88071983
88081983
88091983
88101983
88111983
88121983
88131983
88141983
88151983
88161983
88171983
88181983
88191983
88201983
88211983
88221983
88231983
88241983
88251983
88261983
88271983
88281983
88291983
88301983
88311983
88321983
88331983
88341983
88351983
88361983
88371983
88381983
88391983
88401983
88411983
88421983
88431983
88441983
88451983
88461983
88471983
88481983
88491983
88501983
88511983
88521983
88531983
88541983
88551983
88561983
88571983
88581983
88591983
88601983
88611983
88621983
88631983
88641983
88651983
88661983
88671983
88681983
88691983
88701983
88711983
88721983
88731983
88741983
88751983
88761983
88771983
88781983
88791983
88801983
88811983
88821983
88831983
88841983
88851983
88861983
88871983
88881983
88891983
88901983
88911983
88921983
88931983
88941983
88951983
88961983
88971983
88981983
88991983
89001983
89011983
89021983
89031983
89041983
89051983
89061983
89071983
89081983
89091983
89101983
89111983
89121983
89131983
89141983
89151983
89161983
89171983
89181983
89191983
89201983
89211983
89221983
89231983
89241983
89251983
89261983
89271983
89281983
89291983
89301983
89311983
89321983
89331983
89341983
89351983
89361983
89371983
89381983
89391983
89401983
89411983
89421983
89431983
89441983
89451983
89461983
89471983
89481983
89491983
89501983
89511983
89521983
89531983
89541983
89551983
89561983
89571983
89581983
89591983
89601983
89611983
89621983
89631983
89641983
89651983
89661983
89671983
89681983
89691983
89701983
89711983
89721983
89731983
89741983
89751983
89761983
89771983
89781983
89791983
89801983
89811983
89821983
89831983
89841983
89851983
89861983
89871983
89881983
89891983
89901983
89911983
89921983
89931983
89941983
89951983
89961983
89971983
89981983
89991983
90001983
90011983
90021983
90031983
90041983
90051983
90061983
90071983
90081983
90091983
90101983
90111983
90121983
90131983
90141983
90151983
90161983
90171983
90181983
90191983
90201983
90211983
90221983
90231983
90241983
90251983
90261983
90271983
90281983
90291983
90301983
90311983
90321983
90331983
90341983
90351983
90361983
90371983
90381983
90391983
90401983
90411983
90421983
90431983
90441983
90451983
90461983
90471983
90481983
90491983
90501983
90511983
90521983
90531983
90541983
90551983
90561983
90571983
90581983
90591983
90601983
90611983
90621983
90631983
90641983
90651983
90661983
90671983
90681983
90691983
90701983
90711983
90721983
90731983
90741983
90751983
90761983
90771983
90781983
90791983
90801983
90811983
90821983
90831983
90841983
90851983
90861983
90871983
90881983
90891983
90901983
90911983
90921983
90931983
90941983
90951983
90961983
90971983
90981983
90991983
91001983
91011983
91021983
91031983
91041983
91051983
91061983
91071983
91081983
91091983
91101983
91111983
91121983
91131983
91141983
91151983
91161983
91171983
91181983
91191983
91201983
91211983
91221983
91231983
91241983
91251983
91261983
91271983
91281983
91291983
91301983
91311983
91321983
91331983
91341983
91351983
91361983
91371983
91381983
91391983
91401983
91411983
91421983
91431983
91441983
91451983
91461983
91471983
91481983
91491983
91501983
91511983
91521983
91531983
91541983
91551983
91561983
91571983
91581983
91591983
91601983
91611983
91621983
91631983
91641983
91651983
91661983
91671983
91681983
91691983
91701983
91711983
91721983
91731983
91741983
91751983
91761983
91771983
91781983
91791983
91801983
91811983
91821983
91831983
91841983
91851983
91861983
91871983
91881983
91891983
91901983
91911983
91921983
91931983
91941983
91951983
91961983
91971983
91981983
91991983
92001983
92011983
92021983
92031983
92041983
92051983
92061983
92071983
92081983
92091983
92101983
92111983
92121983
92131983
92141983
92151983
92161983
92171983
92181983
92191983
92201983
92211983
92221983
92231983
92241983
92251983
92261983
92271983
92281983
92291983
92301983
92311983
92321983
92331983
92341983
92351983
92361983
92371983
92381983
92391983
92401983
92411983
92421983
92431983
92441983
92451983
92461983
92471983
92481983
92491983
92501983
92511983
92521983
92531983
92541983
92551983
92561983
92571983
92581983
92591983
92601983
92611983
92621983
92631983
92641983
92651983
92661983
92671983
92681983
92691983
92701983
92711983
92721983
92731983
92741983
92751983
92761983
92771983
92781983
92791983
92801983
92811983
92821983
92831983
92841983
92851983
92861983
92871983
92881983
92891983
92901983
92911983
92921983
92931983
92941983
92951983
92961983
92971983
92981983
92991983
93001983
93011983
93021983
93031983
93041983
93051983
93061983
93071983
93081983
93091983
93101983
93111983
93121983
93131983
93141983
93151983
93161983
93171983
93181983
93191983
93201983
93211983
93221983
93231983
93241983
93251983
93261983
93271983
93281983
93291983
93301983
93311983
93321983
93331983
93341983
93351983
93361983
93371983
93381983
93391983
93401983
93411983
93421983
93431983
93441983
93451983
93461983
93471983
93481983
93491983
93501983
93511983
93521983
93531983
93541983
93551983
93561983
93571983
93581983
93591983
93601983
93611983
93621983
93631983
93641983
93651983
93661983
93671983
93681983
93691983
93701983
93711983
93721983
93731983
93741983
93751983
93761983
93771983
93781983
93791983
93801983
93811983
93821983
93831983
93841983
93851983
93861983
93871983
93881983
93891983
93901983
93911983
93921983
93931983
93941983
93951983
93961983
93971983
93981983
93991983
94001983
94011983
94021983
94031983
94041983
94051983
94061983
94071983
94081983
94091983
94101983
94111983
94121983
94131983
94141983
94151983
94161983
94171983
94181983
94191983
94201983
94211983
94221983
94231983
94241983
94251983
94261983
94271983
94281983
94291983
94301983
94311983
94321983
94331983
94341983
94351983
94361983
94371983
94381983
94391983
94401983
94411983
94421983
94431983
94441983
94451983
94461983
94471983
94481983
94491983
94501983
94511983
94521983
94531983
94541983
94551983
94561983
94571983
94581983
94591983
94601983
94611983
94621983
94631983
94641983
94651983
94661983
94671983
94681983
94691983
94701983
94711983
94721983
94731983
94741983
94751983
94761983
94771983
94781983
94791983
94801983
94811983
94821983
94831983
94841983
94851983
94861983
94871983
94881983
94891983
94901983
94911983
94921983
94931983
94941983
94951983
94961983
94971983
94981983
94991983
95001983
95011983
95021983
95031983
95041983
95051983
95061983
95071983
95081983
95091983
95101983
95111983
95121983
95131983
95141983
95151983
95161983
95171983
95181983
95191983
95201983
95211983
95221983
95231983
95241983
95251983
95261983
95271983
95281983
95291983
95301983
95311983
95321983
95331983
95341983
95351983
95361983
95371983
95381983
95391983
95401983
95411983
95421983
95431983
95441983
95451983
95461983
95471983
95481983
95491983
95501983
95511983
95521983
95531983
95541983
95551983
95561983
95571983
95581983
95591983
95601983
95611983
95621983
95631983
95641983
95651983
95661983
95671983
95681983
95691983
95701983
95711983
95721983
95731983
95741983
95751983
95761983
95771983
95781983
95791983
95801983
95811983
95821983
95831983
95841983
95851983
95861983
95871983
95881983
95891983
95901983
95911983
95921983
95931983
95941983
95951983
95961983
95971983
95981983
95991983
96001983
96011983
96021983
96031983
96041983
96051983
96061983
96071983
96081983
96091983
96101983
96111983
96121983
96131983
96141983
96151983
96161983
96171983
96181983
96191983
96201983
96211983
96221983
96231983
96241983
96251983
96261983
96271983
96281983
96291983
96301983
96311983
96321983
96331983
96341983
96351983
96361983
96371983
96381983
96391983
96401983
96411983
96421983
96431983
96441983
96451983
96461983
96471983
96481983
96491983
96501983
96511983
96521983
96531983
96541983
96551983
96561983
96571983
96581983
96591983
96601983
96611983
96621983
96631983
96641983
96651983
96661983
96671983
96681983
96691983
96701983
96711983
96721983
96731983
96741983
96751983
96761983
96771983
96781983
96791983
96801983
96811983
96821983
96831983
96841983
96851983
96861983
96871983
96881983
96891983
96901983
96911983
96921983
96931983
96941983
96951983
96961983
96971983
96981983
96991983
97001983
97011983
97021983
97031983
97041983
97051983
97061983
97071983
97081983
97091983
97101983
97111983
97121983
97131983
97141983
97151983
97161983
97171983
97181983
97191983
97201983
97211983
97221983
97231983
97241983
97251983
97261983
97271983
97281983
97291983
97301983
97311983
97321983
97331983
97341983
97351983
97361983
97371983
97381983
97391983
97401983
97411983
97421983
97431983
97441983
97451983
97461983
97471983
97481983
97491983
97501983
97511983
97521983
97531983
97541983
97551983
97561983
97571983
97581983
97591983
97601983
97611983
97621983
97631983
97641983
97651983
97661983
97671983
97681983
97691983
97701983
97711983
97721983
97731983
97741983
97751983
97761983
97771983
97781983
97791983
97801983
97811983
97821983
97831983
97841983
97851983
97861983
97871983
97881983
97891983
97901983
97911983
97921983
97931983
97941983
97951983
97961983
97971983
97981983
97991983
98001983
98011983
98021983
98031983
98041983
98051983
98061983
98071983
98081983
98091983
98101983
98111983
98121983
98131983
98141983
98151983
98161983
98171983
98181983
98191983
98201983
98211983
98221983
98231983
98241983
98251983
98261983
98271983
98281983
98291983
98301983
98311983
98321983
98331983
98341983
98351983
98361983
98371983
98381983
98391983
98401983
98411983
98421983
98431983
98441983
98451983
98461983
98471983
98481983
98491983
98501983
98511983
98521983
98531983
98541983
98551983
98561983
98571983
98581983
98591983
98601983
98611983
98621983
98631983
98641983
98651983
98661983
98671983
98681983
98691983
98701983
98711983
98721983
98731983
98741983
98751983
98761983
98771983
98781983
98791983
98801983
98811983
98821983
98831983
98841983
98851983
98861983
98871983
98881983
98891983
98901983
98911983
98921983
98931983
98941983
98951983
98961983
98971983
98981983
98991983
99001983
99011983
99021983
99031983
99041983
99051983
99061983
99071983
99081983
99091983
99101983
99111983
99121983
99131983
99141983
99151983
99161983
99171983
99181983
99191983
99201983
99211983
99221983
99231983
99241983
99251983
99261983
99271983
99281983
99291983
99301983
99311983
99321983
99331983
99341983
99351983
99361983
99371983
99381983
99391983
99401983
99411983
99421983
99431983
99441983
99451983
99461983
99471983
99481983
99491983
99501983
99511983
99521983
99531983
99541983
99551983
99561983
99571983
99581983
99591983
99601983
99611983
99621983
99631983
99641983
99651983
99661983
99671983
99681983
99691983
99701983
99711983
99721983
99731983
99741983
99751983
99761983
99771983
99781983
99791983
99801983
99811983
99821983
99831983
99841983
99851983
99861983
99871983
99881983
99891983
99901983
99911983
99921983
99931983
99941983
99951983
99961983
99971983
99981983
99991983
