00001981
00011981
00021981
00031981
00041981
00051981
00061981
00071981
00081981
00091981
00101981
00111981
00121981
00131981
00141981
00151981
00161981
00171981
00181981
00191981
00201981
00211981
00221981
00231981
00241981
00251981
00261981
00271981
00281981
00291981
00301981
00311981
00321981
00331981
00341981
00351981
00361981
00371981
00381981
00391981
00401981
00411981
00421981
00431981
00441981
00451981
00461981
00471981
00481981
00491981
00501981
00511981
00521981
00531981
00541981
00551981
00561981
00571981
00581981
00591981
00601981
00611981
00621981
00631981
00641981
00651981
00661981
00671981
00681981
00691981
00701981
00711981
00721981
00731981
00741981
00751981
00761981
00771981
00781981
00791981
00801981
00811981
00821981
00831981
00841981
00851981
00861981
00871981
00881981
00891981
00901981
00911981
00921981
00931981
00941981
00951981
00961981
00971981
00981981
00991981
01001981
01011981
01021981
01031981
01041981
01051981
01061981
01071981
01081981
01091981
01101981
01111981
01121981
01131981
01141981
01151981
01161981
01171981
01181981
01191981
01201981
01211981
01221981
01231981
01241981
01251981
01261981
01271981
01281981
01291981
01301981
01311981
01321981
01331981
01341981
01351981
01361981
01371981
01381981
01391981
01401981
01411981
01421981
01431981
01441981
01451981
01461981
01471981
01481981
01491981
01501981
01511981
01521981
01531981
01541981
01551981
01561981
01571981
01581981
01591981
01601981
01611981
01621981
01631981
01641981
01651981
01661981
01671981
01681981
01691981
01701981
01711981
01721981
01731981
01741981
01751981
01761981
01771981
01781981
01791981
01801981
01811981
01821981
01831981
01841981
01851981
01861981
01871981
01881981
01891981
01901981
01911981
01921981
01931981
01941981
01951981
01961981
01971981
01981981
01991981
02001981
02011981
02021981
02031981
02041981
02051981
02061981
02071981
02081981
02091981
02101981
02111981
02121981
02131981
02141981
02151981
02161981
02171981
02181981
02191981
02201981
02211981
02221981
02231981
02241981
02251981
02261981
02271981
02281981
02291981
02301981
02311981
02321981
02331981
02341981
02351981
02361981
02371981
02381981
02391981
02401981
02411981
02421981
02431981
02441981
02451981
02461981
02471981
02481981
02491981
02501981
02511981
02521981
02531981
02541981
02551981
02561981
02571981
02581981
02591981
02601981
02611981
02621981
02631981
02641981
02651981
02661981
02671981
02681981
02691981
02701981
02711981
02721981
02731981
02741981
02751981
02761981
02771981
02781981
02791981
02801981
02811981
02821981
02831981
02841981
02851981
02861981
02871981
02881981
02891981
02901981
02911981
02921981
02931981
02941981
02951981
02961981
02971981
02981981
02991981
03001981
03011981
03021981
03031981
03041981
03051981
03061981
03071981
03081981
03091981
03101981
03111981
03121981
03131981
03141981
03151981
03161981
03171981
03181981
03191981
03201981
03211981
03221981
03231981
03241981
03251981
03261981
03271981
03281981
03291981
03301981
03311981
03321981
03331981
03341981
03351981
03361981
03371981
03381981
03391981
03401981
03411981
03421981
03431981
03441981
03451981
03461981
03471981
03481981
03491981
03501981
03511981
03521981
03531981
03541981
03551981
03561981
03571981
03581981
03591981
03601981
03611981
03621981
03631981
03641981
03651981
03661981
03671981
03681981
03691981
03701981
03711981
03721981
03731981
03741981
03751981
03761981
03771981
03781981
03791981
03801981
03811981
03821981
03831981
03841981
03851981
03861981
03871981
03881981
03891981
03901981
03911981
03921981
03931981
03941981
03951981
03961981
03971981
03981981
03991981
04001981
04011981
04021981
04031981
04041981
04051981
04061981
04071981
04081981
04091981
04101981
04111981
04121981
04131981
04141981
04151981
04161981
04171981
04181981
04191981
04201981
04211981
04221981
04231981
04241981
04251981
04261981
04271981
04281981
04291981
04301981
04311981
04321981
04331981
04341981
04351981
04361981
04371981
04381981
04391981
04401981
04411981
04421981
04431981
04441981
04451981
04461981
04471981
04481981
04491981
04501981
04511981
04521981
04531981
04541981
04551981
04561981
04571981
04581981
04591981
04601981
04611981
04621981
04631981
04641981
04651981
04661981
04671981
04681981
04691981
04701981
04711981
04721981
04731981
04741981
04751981
04761981
04771981
04781981
04791981
04801981
04811981
04821981
04831981
04841981
04851981
04861981
04871981
04881981
04891981
04901981
04911981
04921981
04931981
04941981
04951981
04961981
04971981
04981981
04991981
05001981
05011981
05021981
05031981
05041981
05051981
05061981
05071981
05081981
05091981
05101981
05111981
05121981
05131981
05141981
05151981
05161981
05171981
05181981
05191981
05201981
05211981
05221981
05231981
05241981
05251981
05261981
05271981
05281981
05291981
05301981
05311981
05321981
05331981
05341981
05351981
05361981
05371981
05381981
05391981
05401981
05411981
05421981
05431981
05441981
05451981
05461981
05471981
05481981
05491981
05501981
05511981
05521981
05531981
05541981
05551981
05561981
05571981
05581981
05591981
05601981
05611981
05621981
05631981
05641981
05651981
05661981
05671981
05681981
05691981
05701981
05711981
05721981
05731981
05741981
05751981
05761981
05771981
05781981
05791981
05801981
05811981
05821981
05831981
05841981
05851981
05861981
05871981
05881981
05891981
05901981
05911981
05921981
05931981
05941981
05951981
05961981
05971981
05981981
05991981
06001981
06011981
06021981
06031981
06041981
06051981
06061981
06071981
06081981
06091981
06101981
06111981
06121981
06131981
06141981
06151981
06161981
06171981
06181981
06191981
06201981
06211981
06221981
06231981
06241981
06251981
06261981
06271981
06281981
06291981
06301981
06311981
06321981
06331981
06341981
06351981
06361981
06371981
06381981
06391981
06401981
06411981
06421981
06431981
06441981
06451981
06461981
06471981
06481981
06491981
06501981
06511981
06521981
06531981
06541981
06551981
06561981
06571981
06581981
06591981
06601981
06611981
06621981
06631981
06641981
06651981
06661981
06671981
06681981
06691981
06701981
06711981
06721981
06731981
06741981
06751981
06761981
06771981
06781981
06791981
06801981
06811981
06821981
06831981
06841981
06851981
06861981
06871981
06881981
06891981
06901981
06911981
06921981
06931981
06941981
06951981
06961981
06971981
06981981
06991981
07001981
07011981
07021981
07031981
07041981
07051981
07061981
07071981
07081981
07091981
07101981
07111981
07121981
07131981
07141981
07151981
07161981
07171981
07181981
07191981
07201981
07211981
07221981
07231981
07241981
07251981
07261981
07271981
07281981
07291981
07301981
07311981
07321981
07331981
07341981
07351981
07361981
07371981
07381981
07391981
07401981
07411981
07421981
07431981
07441981
07451981
07461981
07471981
07481981
07491981
07501981
07511981
07521981
07531981
07541981
07551981
07561981
07571981
07581981
07591981
07601981
07611981
07621981
07631981
07641981
07651981
07661981
07671981
07681981
07691981
07701981
07711981
07721981
07731981
07741981
07751981
07761981
07771981
07781981
07791981
07801981
07811981
07821981
07831981
07841981
07851981
07861981
07871981
07881981
07891981
07901981
07911981
07921981
07931981
07941981
07951981
07961981
07971981
07981981
07991981
08001981
08011981
08021981
08031981
08041981
08051981
08061981
08071981
08081981
08091981
08101981
08111981
08121981
08131981
08141981
08151981
08161981
08171981
08181981
08191981
08201981
08211981
08221981
08231981
08241981
08251981
08261981
08271981
08281981
08291981
08301981
08311981
08321981
08331981
08341981
08351981
08361981
08371981
08381981
08391981
08401981
08411981
08421981
08431981
08441981
08451981
08461981
08471981
08481981
08491981
08501981
08511981
08521981
08531981
08541981
08551981
08561981
08571981
08581981
08591981
08601981
08611981
08621981
08631981
08641981
08651981
08661981
08671981
08681981
08691981
08701981
08711981
08721981
08731981
08741981
08751981
08761981
08771981
08781981
08791981
08801981
08811981
08821981
08831981
08841981
08851981
08861981
08871981
08881981
08891981
08901981
08911981
08921981
08931981
08941981
08951981
08961981
08971981
08981981
08991981
09001981
09011981
09021981
09031981
09041981
09051981
09061981
09071981
09081981
09091981
09101981
09111981
09121981
09131981
09141981
09151981
09161981
09171981
09181981
09191981
09201981
09211981
09221981
09231981
09241981
09251981
09261981
09271981
09281981
09291981
09301981
09311981
09321981
09331981
09341981
09351981
09361981
09371981
09381981
09391981
09401981
09411981
09421981
09431981
09441981
09451981
09461981
09471981
09481981
09491981
09501981
09511981
09521981
09531981
09541981
09551981
09561981
09571981
09581981
09591981
09601981
09611981
09621981
09631981
09641981
09651981
09661981
09671981
09681981
09691981
09701981
09711981
09721981
09731981
09741981
09751981
09761981
09771981
09781981
09791981
09801981
09811981
09821981
09831981
09841981
09851981
09861981
09871981
09881981
09891981
09901981
09911981
09921981
09931981
09941981
09951981
09961981
09971981
09981981
09991981
10001981
10011981
10021981
10031981
10041981
10051981
10061981
10071981
10081981
10091981
10101981
10111981
10121981
10131981
10141981
10151981
10161981
10171981
10181981
10191981
10201981
10211981
10221981
10231981
10241981
10251981
10261981
10271981
10281981
10291981
10301981
10311981
10321981
10331981
10341981
10351981
10361981
10371981
10381981
10391981
10401981
10411981
10421981
10431981
10441981
10451981
10461981
10471981
10481981
10491981
10501981
10511981
10521981
10531981
10541981
10551981
10561981
10571981
10581981
10591981
10601981
10611981
10621981
10631981
10641981
10651981
10661981
10671981
10681981
10691981
10701981
10711981
10721981
10731981
10741981
10751981
10761981
10771981
10781981
10791981
10801981
10811981
10821981
10831981
10841981
10851981
10861981
10871981
10881981
10891981
10901981
10911981
10921981
10931981
10941981
10951981
10961981
10971981
10981981
10991981
11001981
11011981
11021981
11031981
11041981
11051981
11061981
11071981
11081981
11091981
11101981
11111981
11121981
11131981
11141981
11151981
11161981
11171981
11181981
11191981
11201981
11211981
11221981
11231981
11241981
11251981
11261981
11271981
11281981
11291981
11301981
11311981
11321981
11331981
11341981
11351981
11361981
11371981
11381981
11391981
11401981
11411981
11421981
11431981
11441981
11451981
11461981
11471981
11481981
11491981
11501981
11511981
11521981
11531981
11541981
11551981
11561981
11571981
11581981
11591981
11601981
11611981
11621981
11631981
11641981
11651981
11661981
11671981
11681981
11691981
11701981
11711981
11721981
11731981
11741981
11751981
11761981
11771981
11781981
11791981
11801981
11811981
11821981
11831981
11841981
11851981
11861981
11871981
11881981
11891981
11901981
11911981
11921981
11931981
11941981
11951981
11961981
11971981
11981981
11991981
12001981
12011981
12021981
12031981
12041981
12051981
12061981
12071981
12081981
12091981
12101981
12111981
12121981
12131981
12141981
12151981
12161981
12171981
12181981
12191981
12201981
12211981
12221981
12231981
12241981
12251981
12261981
12271981
12281981
12291981
12301981
12311981
12321981
12331981
12341981
12351981
12361981
12371981
12381981
12391981
12401981
12411981
12421981
12431981
12441981
12451981
12461981
12471981
12481981
12491981
12501981
12511981
12521981
12531981
12541981
12551981
12561981
12571981
12581981
12591981
12601981
12611981
12621981
12631981
12641981
12651981
12661981
12671981
12681981
12691981
12701981
12711981
12721981
12731981
12741981
12751981
12761981
12771981
12781981
12791981
12801981
12811981
12821981
12831981
12841981
12851981
12861981
12871981
12881981
12891981
12901981
12911981
12921981
12931981
12941981
12951981
12961981
12971981
12981981
12991981
13001981
13011981
13021981
13031981
13041981
13051981
13061981
13071981
13081981
13091981
13101981
13111981
13121981
13131981
13141981
13151981
13161981
13171981
13181981
13191981
13201981
13211981
13221981
13231981
13241981
13251981
13261981
13271981
13281981
13291981
13301981
13311981
13321981
13331981
13341981
13351981
13361981
13371981
13381981
13391981
13401981
13411981
13421981
13431981
13441981
13451981
13461981
13471981
13481981
13491981
13501981
13511981
13521981
13531981
13541981
13551981
13561981
13571981
13581981
13591981
13601981
13611981
13621981
13631981
13641981
13651981
13661981
13671981
13681981
13691981
13701981
13711981
13721981
13731981
13741981
13751981
13761981
13771981
13781981
13791981
13801981
13811981
13821981
13831981
13841981
13851981
13861981
13871981
13881981
13891981
13901981
13911981
13921981
13931981
13941981
13951981
13961981
13971981
13981981
13991981
14001981
14011981
14021981
14031981
14041981
14051981
14061981
14071981
14081981
14091981
14101981
14111981
14121981
14131981
14141981
14151981
14161981
14171981
14181981
14191981
14201981
14211981
14221981
14231981
14241981
14251981
14261981
14271981
14281981
14291981
14301981
14311981
14321981
14331981
14341981
14351981
14361981
14371981
14381981
14391981
14401981
14411981
14421981
14431981
14441981
14451981
14461981
14471981
14481981
14491981
14501981
14511981
14521981
14531981
14541981
14551981
14561981
14571981
14581981
14591981
14601981
14611981
14621981
14631981
14641981
14651981
14661981
14671981
14681981
14691981
14701981
14711981
14721981
14731981
14741981
14751981
14761981
14771981
14781981
14791981
14801981
14811981
14821981
14831981
14841981
14851981
14861981
14871981
14881981
14891981
14901981
14911981
14921981
14931981
14941981
14951981
14961981
14971981
14981981
14991981
15001981
15011981
15021981
15031981
15041981
15051981
15061981
15071981
15081981
15091981
15101981
15111981
15121981
15131981
15141981
15151981
15161981
15171981
15181981
15191981
15201981
15211981
15221981
15231981
15241981
15251981
15261981
15271981
15281981
15291981
15301981
15311981
15321981
15331981
15341981
15351981
15361981
15371981
15381981
15391981
15401981
15411981
15421981
15431981
15441981
15451981
15461981
15471981
15481981
15491981
15501981
15511981
15521981
15531981
15541981
15551981
15561981
15571981
15581981
15591981
15601981
15611981
15621981
15631981
15641981
15651981
15661981
15671981
15681981
15691981
15701981
15711981
15721981
15731981
15741981
15751981
15761981
15771981
15781981
15791981
15801981
15811981
15821981
15831981
15841981
15851981
15861981
15871981
15881981
15891981
15901981
15911981
15921981
15931981
15941981
15951981
15961981
15971981
15981981
15991981
16001981
16011981
16021981
16031981
16041981
16051981
16061981
16071981
16081981
16091981
16101981
16111981
16121981
16131981
16141981
16151981
16161981
16171981
16181981
16191981
16201981
16211981
16221981
16231981
16241981
16251981
16261981
16271981
16281981
16291981
16301981
16311981
16321981
16331981
16341981
16351981
16361981
16371981
16381981
16391981
16401981
16411981
16421981
16431981
16441981
16451981
16461981
16471981
16481981
16491981
16501981
16511981
16521981
16531981
16541981
16551981
16561981
16571981
16581981
16591981
16601981
16611981
16621981
16631981
16641981
16651981
16661981
16671981
16681981
16691981
16701981
16711981
16721981
16731981
16741981
16751981
16761981
16771981
16781981
16791981
16801981
16811981
16821981
16831981
16841981
16851981
16861981
16871981
16881981
16891981
16901981
16911981
16921981
16931981
16941981
16951981
16961981
16971981
16981981
16991981
17001981
17011981
17021981
17031981
17041981
17051981
17061981
17071981
17081981
17091981
17101981
17111981
17121981
17131981
17141981
17151981
17161981
17171981
17181981
17191981
17201981
17211981
17221981
17231981
17241981
17251981
17261981
17271981
17281981
17291981
17301981
17311981
17321981
17331981
17341981
17351981
17361981
17371981
17381981
17391981
17401981
17411981
17421981
17431981
17441981
17451981
17461981
17471981
17481981
17491981
17501981
17511981
17521981
17531981
17541981
17551981
17561981
17571981
17581981
17591981
17601981
17611981
17621981
17631981
17641981
17651981
17661981
17671981
17681981
17691981
17701981
17711981
17721981
17731981
17741981
17751981
17761981
17771981
17781981
17791981
17801981
17811981
17821981
17831981
17841981
17851981
17861981
17871981
17881981
17891981
17901981
17911981
17921981
17931981
17941981
17951981
17961981
17971981
17981981
17991981
18001981
18011981
18021981
18031981
18041981
18051981
18061981
18071981
18081981
18091981
18101981
18111981
18121981
18131981
18141981
18151981
18161981
18171981
18181981
18191981
18201981
18211981
18221981
18231981
18241981
18251981
18261981
18271981
18281981
18291981
18301981
18311981
18321981
18331981
18341981
18351981
18361981
18371981
18381981
18391981
18401981
18411981
18421981
18431981
18441981
18451981
18461981
18471981
18481981
18491981
18501981
18511981
18521981
18531981
18541981
18551981
18561981
18571981
18581981
18591981
18601981
18611981
18621981
18631981
18641981
18651981
18661981
18671981
18681981
18691981
18701981
18711981
18721981
18731981
18741981
18751981
18761981
18771981
18781981
18791981
18801981
18811981
18821981
18831981
18841981
18851981
18861981
18871981
18881981
18891981
18901981
18911981
18921981
18931981
18941981
18951981
18961981
18971981
18981981
18991981
19001981
19011981
19021981
19031981
19041981
19051981
19061981
19071981
19081981
19091981
19101981
19111981
19121981
19131981
19141981
19151981
19161981
19171981
19181981
19191981
19201981
19211981
19221981
19231981
19241981
19251981
19261981
19271981
19281981
19291981
19301981
19311981
19321981
19331981
19341981
19351981
19361981
19371981
19381981
19391981
19401981
19411981
19421981
19431981
19441981
19451981
19461981
19471981
19481981
19491981
19501981
19511981
19521981
19531981
19541981
19551981
19561981
19571981
19581981
19591981
19601981
19611981
19621981
19631981
19641981
19651981
19661981
19671981
19681981
19691981
19701981
19711981
19721981
19731981
19741981
19751981
19761981
19771981
19781981
19791981
19801981
19811981
19821981
19831981
19841981
19851981
19861981
19871981
19881981
19891981
19901981
19911981
19921981
19931981
19941981
19951981
19961981
19971981
19981981
19991981
20001981
20011981
20021981
20031981
20041981
20051981
20061981
20071981
20081981
20091981
20101981
20111981
20121981
20131981
20141981
20151981
20161981
20171981
20181981
20191981
20201981
20211981
20221981
20231981
20241981
20251981
20261981
20271981
20281981
20291981
20301981
20311981
20321981
20331981
20341981
20351981
20361981
20371981
20381981
20391981
20401981
20411981
20421981
20431981
20441981
20451981
20461981
20471981
20481981
20491981
20501981
20511981
20521981
20531981
20541981
20551981
20561981
20571981
20581981
20591981
20601981
20611981
20621981
20631981
20641981
20651981
20661981
20671981
20681981
20691981
20701981
20711981
20721981
20731981
20741981
20751981
20761981
20771981
20781981
20791981
20801981
20811981
20821981
20831981
20841981
20851981
20861981
20871981
20881981
20891981
20901981
20911981
20921981
20931981
20941981
20951981
20961981
20971981
20981981
20991981
21001981
21011981
21021981
21031981
21041981
21051981
21061981
21071981
21081981
21091981
21101981
21111981
21121981
21131981
21141981
21151981
21161981
21171981
21181981
21191981
21201981
21211981
21221981
21231981
21241981
21251981
21261981
21271981
21281981
21291981
21301981
21311981
21321981
21331981
21341981
21351981
21361981
21371981
21381981
21391981
21401981
21411981
21421981
21431981
21441981
21451981
21461981
21471981
21481981
21491981
21501981
21511981
21521981
21531981
21541981
21551981
21561981
21571981
21581981
21591981
21601981
21611981
21621981
21631981
21641981
21651981
21661981
21671981
21681981
21691981
21701981
21711981
21721981
21731981
21741981
21751981
21761981
21771981
21781981
21791981
21801981
21811981
21821981
21831981
21841981
21851981
21861981
21871981
21881981
21891981
21901981
21911981
21921981
21931981
21941981
21951981
21961981
21971981
21981981
21991981
22001981
22011981
22021981
22031981
22041981
22051981
22061981
22071981
22081981
22091981
22101981
22111981
22121981
22131981
22141981
22151981
22161981
22171981
22181981
22191981
22201981
22211981
22221981
22231981
22241981
22251981
22261981
22271981
22281981
22291981
22301981
22311981
22321981
22331981
22341981
22351981
22361981
22371981
22381981
22391981
22401981
22411981
22421981
22431981
22441981
22451981
22461981
22471981
22481981
22491981
22501981
22511981
22521981
22531981
22541981
22551981
22561981
22571981
22581981
22591981
22601981
22611981
22621981
22631981
22641981
22651981
22661981
22671981
22681981
22691981
22701981
22711981
22721981
22731981
22741981
22751981
22761981
22771981
22781981
22791981
22801981
22811981
22821981
22831981
22841981
22851981
22861981
22871981
22881981
22891981
22901981
22911981
22921981
22931981
22941981
22951981
22961981
22971981
22981981
22991981
23001981
23011981
23021981
23031981
23041981
23051981
23061981
23071981
23081981
23091981
23101981
23111981
23121981
23131981
23141981
23151981
23161981
23171981
23181981
23191981
23201981
23211981
23221981
23231981
23241981
23251981
23261981
23271981
23281981
23291981
23301981
23311981
23321981
23331981
23341981
23351981
23361981
23371981
23381981
23391981
23401981
23411981
23421981
23431981
23441981
23451981
23461981
23471981
23481981
23491981
23501981
23511981
23521981
23531981
23541981
23551981
23561981
23571981
23581981
23591981
23601981
23611981
23621981
23631981
23641981
23651981
23661981
23671981
23681981
23691981
23701981
23711981
23721981
23731981
23741981
23751981
23761981
23771981
23781981
23791981
23801981
23811981
23821981
23831981
23841981
23851981
23861981
23871981
23881981
23891981
23901981
23911981
23921981
23931981
23941981
23951981
23961981
23971981
23981981
23991981
24001981
24011981
24021981
24031981
24041981
24051981
24061981
24071981
24081981
24091981
24101981
24111981
24121981
24131981
24141981
24151981
24161981
24171981
24181981
24191981
24201981
24211981
24221981
24231981
24241981
24251981
24261981
24271981
24281981
24291981
24301981
24311981
24321981
24331981
24341981
24351981
24361981
24371981
24381981
24391981
24401981
24411981
24421981
24431981
24441981
24451981
24461981
24471981
24481981
24491981
24501981
24511981
24521981
24531981
24541981
24551981
24561981
24571981
24581981
24591981
24601981
24611981
24621981
24631981
24641981
24651981
24661981
24671981
24681981
24691981
24701981
24711981
24721981
24731981
24741981
24751981
24761981
24771981
24781981
24791981
24801981
24811981
24821981
24831981
24841981
24851981
24861981
24871981
24881981
24891981
24901981
24911981
24921981
24931981
24941981
24951981
24961981
24971981
24981981
24991981
25001981
25011981
25021981
25031981
25041981
25051981
25061981
25071981
25081981
25091981
25101981
25111981
25121981
25131981
25141981
25151981
25161981
25171981
25181981
25191981
25201981
25211981
25221981
25231981
25241981
25251981
25261981
25271981
25281981
25291981
25301981
25311981
25321981
25331981
25341981
25351981
25361981
25371981
25381981
25391981
25401981
25411981
25421981
25431981
25441981
25451981
25461981
25471981
25481981
25491981
25501981
25511981
25521981
25531981
25541981
25551981
25561981
25571981
25581981
25591981
25601981
25611981
25621981
25631981
25641981
25651981
25661981
25671981
25681981
25691981
25701981
25711981
25721981
25731981
25741981
25751981
25761981
25771981
25781981
25791981
25801981
25811981
25821981
25831981
25841981
25851981
25861981
25871981
25881981
25891981
25901981
25911981
25921981
25931981
25941981
25951981
25961981
25971981
25981981
25991981
26001981
26011981
26021981
26031981
26041981
26051981
26061981
26071981
26081981
26091981
26101981
26111981
26121981
26131981
26141981
26151981
26161981
26171981
26181981
26191981
26201981
26211981
26221981
26231981
26241981
26251981
26261981
26271981
26281981
26291981
26301981
26311981
26321981
26331981
26341981
26351981
26361981
26371981
26381981
26391981
26401981
26411981
26421981
26431981
26441981
26451981
26461981
26471981
26481981
26491981
26501981
26511981
26521981
26531981
26541981
26551981
26561981
26571981
26581981
26591981
26601981
26611981
26621981
26631981
26641981
26651981
26661981
26671981
26681981
26691981
26701981
26711981
26721981
26731981
26741981
26751981
26761981
26771981
26781981
26791981
26801981
26811981
26821981
26831981
26841981
26851981
26861981
26871981
26881981
26891981
26901981
26911981
26921981
26931981
26941981
26951981
26961981
26971981
26981981
26991981
27001981
27011981
27021981
27031981
27041981
27051981
27061981
27071981
27081981
27091981
27101981
27111981
27121981
27131981
27141981
27151981
27161981
27171981
27181981
27191981
27201981
27211981
27221981
27231981
27241981
27251981
27261981
27271981
27281981
27291981
27301981
27311981
27321981
27331981
27341981
27351981
27361981
27371981
27381981
27391981
27401981
27411981
27421981
27431981
27441981
27451981
27461981
27471981
27481981
27491981
27501981
27511981
27521981
27531981
27541981
27551981
27561981
27571981
27581981
27591981
27601981
27611981
27621981
27631981
27641981
27651981
27661981
27671981
27681981
27691981
27701981
27711981
27721981
27731981
27741981
27751981
27761981
27771981
27781981
27791981
27801981
27811981
27821981
27831981
27841981
27851981
27861981
27871981
27881981
27891981
27901981
27911981
27921981
27931981
27941981
27951981
27961981
27971981
27981981
27991981
28001981
28011981
28021981
28031981
28041981
28051981
28061981
28071981
28081981
28091981
28101981
28111981
28121981
28131981
28141981
28151981
28161981
28171981
28181981
28191981
28201981
28211981
28221981
28231981
28241981
28251981
28261981
28271981
28281981
28291981
28301981
28311981
28321981
28331981
28341981
28351981
28361981
28371981
28381981
28391981
28401981
28411981
28421981
28431981
28441981
28451981
28461981
28471981
28481981
28491981
28501981
28511981
28521981
28531981
28541981
28551981
28561981
28571981
28581981
28591981
28601981
28611981
28621981
28631981
28641981
28651981
28661981
28671981
28681981
28691981
28701981
28711981
28721981
28731981
28741981
28751981
28761981
28771981
28781981
28791981
28801981
28811981
28821981
28831981
28841981
28851981
28861981
28871981
28881981
28891981
28901981
28911981
28921981
28931981
28941981
28951981
28961981
28971981
28981981
28991981
29001981
29011981
29021981
29031981
29041981
29051981
29061981
29071981
29081981
29091981
29101981
29111981
29121981
29131981
29141981
29151981
29161981
29171981
29181981
29191981
29201981
29211981
29221981
29231981
29241981
29251981
29261981
29271981
29281981
29291981
29301981
29311981
29321981
29331981
29341981
29351981
29361981
29371981
29381981
29391981
29401981
29411981
29421981
29431981
29441981
29451981
29461981
29471981
29481981
29491981
29501981
29511981
29521981
29531981
29541981
29551981
29561981
29571981
29581981
29591981
29601981
29611981
29621981
29631981
29641981
29651981
29661981
29671981
29681981
29691981
29701981
29711981
29721981
29731981
29741981
29751981
29761981
29771981
29781981
29791981
29801981
29811981
29821981
29831981
29841981
29851981
29861981
29871981
29881981
29891981
29901981
29911981
29921981
29931981
29941981
29951981
29961981
29971981
29981981
29991981
30001981
30011981
30021981
30031981
30041981
30051981
30061981
30071981
30081981
30091981
30101981
30111981
30121981
30131981
30141981
30151981
30161981
30171981
30181981
30191981
30201981
30211981
30221981
30231981
30241981
30251981
30261981
30271981
30281981
30291981
30301981
30311981
30321981
30331981
30341981
30351981
30361981
30371981
30381981
30391981
30401981
30411981
30421981
30431981
30441981
30451981
30461981
30471981
30481981
30491981
30501981
30511981
30521981
30531981
30541981
30551981
30561981
30571981
30581981
30591981
30601981
30611981
30621981
30631981
30641981
30651981
30661981
30671981
30681981
30691981
30701981
30711981
30721981
30731981
30741981
30751981
30761981
30771981
30781981
30791981
30801981
30811981
30821981
30831981
30841981
30851981
30861981
30871981
30881981
30891981
30901981
30911981
30921981
30931981
30941981
30951981
30961981
30971981
30981981
30991981
31001981
31011981
31021981
31031981
31041981
31051981
31061981
31071981
31081981
31091981
31101981
31111981
31121981
31131981
31141981
31151981
31161981
31171981
31181981
31191981
31201981
31211981
31221981
31231981
31241981
31251981
31261981
31271981
31281981
31291981
31301981
31311981
31321981
31331981
31341981
31351981
31361981
31371981
31381981
31391981
31401981
31411981
31421981
31431981
31441981
31451981
31461981
31471981
31481981
31491981
31501981
31511981
31521981
31531981
31541981
31551981
31561981
31571981
31581981
31591981
31601981
31611981
31621981
31631981
31641981
31651981
31661981
31671981
31681981
31691981
31701981
31711981
31721981
31731981
31741981
31751981
31761981
31771981
31781981
31791981
31801981
31811981
31821981
31831981
31841981
31851981
31861981
31871981
31881981
31891981
31901981
31911981
31921981
31931981
31941981
31951981
31961981
31971981
31981981
31991981
32001981
32011981
32021981
32031981
32041981
32051981
32061981
32071981
32081981
32091981
32101981
32111981
32121981
32131981
32141981
32151981
32161981
32171981
32181981
32191981
32201981
32211981
32221981
32231981
32241981
32251981
32261981
32271981
32281981
32291981
32301981
32311981
32321981
32331981
32341981
32351981
32361981
32371981
32381981
32391981
32401981
32411981
32421981
32431981
32441981
32451981
32461981
32471981
32481981
32491981
32501981
32511981
32521981
32531981
32541981
32551981
32561981
32571981
32581981
32591981
32601981
32611981
32621981
32631981
32641981
32651981
32661981
32671981
32681981
32691981
32701981
32711981
32721981
32731981
32741981
32751981
32761981
32771981
32781981
32791981
32801981
32811981
32821981
32831981
32841981
32851981
32861981
32871981
32881981
32891981
32901981
32911981
32921981
32931981
32941981
32951981
32961981
32971981
32981981
32991981
33001981
33011981
33021981
33031981
33041981
33051981
33061981
33071981
33081981
33091981
33101981
33111981
33121981
33131981
33141981
33151981
33161981
33171981
33181981
33191981
33201981
33211981
33221981
33231981
33241981
33251981
33261981
33271981
33281981
33291981
33301981
33311981
33321981
33331981
33341981
33351981
33361981
33371981
33381981
33391981
33401981
33411981
33421981
33431981
33441981
33451981
33461981
33471981
33481981
33491981
33501981
33511981
33521981
33531981
33541981
33551981
33561981
33571981
33581981
33591981
33601981
33611981
33621981
33631981
33641981
33651981
33661981
33671981
33681981
33691981
33701981
33711981
33721981
33731981
33741981
33751981
33761981
33771981
33781981
33791981
33801981
33811981
33821981
33831981
33841981
33851981
33861981
33871981
33881981
33891981
33901981
33911981
33921981
33931981
33941981
33951981
33961981
33971981
33981981
33991981
34001981
34011981
34021981
34031981
34041981
34051981
34061981
34071981
34081981
34091981
34101981
34111981
34121981
34131981
34141981
34151981
34161981
34171981
34181981
34191981
34201981
34211981
34221981
34231981
34241981
34251981
34261981
34271981
34281981
34291981
34301981
34311981
34321981
34331981
34341981
34351981
34361981
34371981
34381981
34391981
34401981
34411981
34421981
34431981
34441981
34451981
34461981
34471981
34481981
34491981
34501981
34511981
34521981
34531981
34541981
34551981
34561981
34571981
34581981
34591981
34601981
34611981
34621981
34631981
34641981
34651981
34661981
34671981
34681981
34691981
34701981
34711981
34721981
34731981
34741981
34751981
34761981
34771981
34781981
34791981
34801981
34811981
34821981
34831981
34841981
34851981
34861981
34871981
34881981
34891981
34901981
34911981
34921981
34931981
34941981
34951981
34961981
34971981
34981981
34991981
35001981
35011981
35021981
35031981
35041981
35051981
35061981
35071981
35081981
35091981
35101981
35111981
35121981
35131981
35141981
35151981
35161981
35171981
35181981
35191981
35201981
35211981
35221981
35231981
35241981
35251981
35261981
35271981
35281981
35291981
35301981
35311981
35321981
35331981
35341981
35351981
35361981
35371981
35381981
35391981
35401981
35411981
35421981
35431981
35441981
35451981
35461981
35471981
35481981
35491981
35501981
35511981
35521981
35531981
35541981
35551981
35561981
35571981
35581981
35591981
35601981
35611981
35621981
35631981
35641981
35651981
35661981
35671981
35681981
35691981
35701981
35711981
35721981
35731981
35741981
35751981
35761981
35771981
35781981
35791981
35801981
35811981
35821981
35831981
35841981
35851981
35861981
35871981
35881981
35891981
35901981
35911981
35921981
35931981
35941981
35951981
35961981
35971981
35981981
35991981
36001981
36011981
36021981
36031981
36041981
36051981
36061981
36071981
36081981
36091981
36101981
36111981
36121981
36131981
36141981
36151981
36161981
36171981
36181981
36191981
36201981
36211981
36221981
36231981
36241981
36251981
36261981
36271981
36281981
36291981
36301981
36311981
36321981
36331981
36341981
36351981
36361981
36371981
36381981
36391981
36401981
36411981
36421981
36431981
36441981
36451981
36461981
36471981
36481981
36491981
36501981
36511981
36521981
36531981
36541981
36551981
36561981
36571981
36581981
36591981
36601981
36611981
36621981
36631981
36641981
36651981
36661981
36671981
36681981
36691981
36701981
36711981
36721981
36731981
36741981
36751981
36761981
36771981
36781981
36791981
36801981
36811981
36821981
36831981
36841981
36851981
36861981
36871981
36881981
36891981
36901981
36911981
36921981
36931981
36941981
36951981
36961981
36971981
36981981
36991981
37001981
37011981
37021981
37031981
37041981
37051981
37061981
37071981
37081981
37091981
37101981
37111981
37121981
37131981
37141981
37151981
37161981
37171981
37181981
37191981
37201981
37211981
37221981
37231981
37241981
37251981
37261981
37271981
37281981
37291981
37301981
37311981
37321981
37331981
37341981
37351981
37361981
37371981
37381981
37391981
37401981
37411981
37421981
37431981
37441981
37451981
37461981
37471981
37481981
37491981
37501981
37511981
37521981
37531981
37541981
37551981
37561981
37571981
37581981
37591981
37601981
37611981
37621981
37631981
37641981
37651981
37661981
37671981
37681981
37691981
37701981
37711981
37721981
37731981
37741981
37751981
37761981
37771981
37781981
37791981
37801981
37811981
37821981
37831981
37841981
37851981
37861981
37871981
37881981
37891981
37901981
37911981
37921981
37931981
37941981
37951981
37961981
37971981
37981981
37991981
38001981
38011981
38021981
38031981
38041981
38051981
38061981
38071981
38081981
38091981
38101981
38111981
38121981
38131981
38141981
38151981
38161981
38171981
38181981
38191981
38201981
38211981
38221981
38231981
38241981
38251981
38261981
38271981
38281981
38291981
38301981
38311981
38321981
38331981
38341981
38351981
38361981
38371981
38381981
38391981
38401981
38411981
38421981
38431981
38441981
38451981
38461981
38471981
38481981
38491981
38501981
38511981
38521981
38531981
38541981
38551981
38561981
38571981
38581981
38591981
38601981
38611981
38621981
38631981
38641981
38651981
38661981
38671981
38681981
38691981
38701981
38711981
38721981
38731981
38741981
38751981
38761981
38771981
38781981
38791981
38801981
38811981
38821981
38831981
38841981
38851981
38861981
38871981
38881981
38891981
38901981
38911981
38921981
38931981
38941981
38951981
38961981
38971981
38981981
38991981
39001981
39011981
39021981
39031981
39041981
39051981
39061981
39071981
39081981
39091981
39101981
39111981
39121981
39131981
39141981
39151981
39161981
39171981
39181981
39191981
39201981
39211981
39221981
39231981
39241981
39251981
39261981
39271981
39281981
39291981
39301981
39311981
39321981
39331981
39341981
39351981
39361981
39371981
39381981
39391981
39401981
39411981
39421981
39431981
39441981
39451981
39461981
39471981
39481981
39491981
39501981
39511981
39521981
39531981
39541981
39551981
39561981
39571981
39581981
39591981
39601981
39611981
39621981
39631981
39641981
39651981
39661981
39671981
39681981
39691981
39701981
39711981
39721981
39731981
39741981
39751981
39761981
39771981
39781981
39791981
39801981
39811981
39821981
39831981
39841981
39851981
39861981
39871981
39881981
39891981
39901981
39911981
39921981
39931981
39941981
39951981
39961981
39971981
39981981
39991981
40001981
40011981
40021981
40031981
40041981
40051981
40061981
40071981
40081981
40091981
40101981
40111981
40121981
40131981
40141981
40151981
40161981
40171981
40181981
40191981
40201981
40211981
40221981
40231981
40241981
40251981
40261981
40271981
40281981
40291981
40301981
40311981
40321981
40331981
40341981
40351981
40361981
40371981
40381981
40391981
40401981
40411981
40421981
40431981
40441981
40451981
40461981
40471981
40481981
40491981
40501981
40511981
40521981
40531981
40541981
40551981
40561981
40571981
40581981
40591981
40601981
40611981
40621981
40631981
40641981
40651981
40661981
40671981
40681981
40691981
40701981
40711981
40721981
40731981
40741981
40751981
40761981
40771981
40781981
40791981
40801981
40811981
40821981
40831981
40841981
40851981
40861981
40871981
40881981
40891981
40901981
40911981
40921981
40931981
40941981
40951981
40961981
40971981
40981981
40991981
41001981
41011981
41021981
41031981
41041981
41051981
41061981
41071981
41081981
41091981
41101981
41111981
41121981
41131981
41141981
41151981
41161981
41171981
41181981
41191981
41201981
41211981
41221981
41231981
41241981
41251981
41261981
41271981
41281981
41291981
41301981
41311981
41321981
41331981
41341981
41351981
41361981
41371981
41381981
41391981
41401981
41411981
41421981
41431981
41441981
41451981
41461981
41471981
41481981
41491981
41501981
41511981
41521981
41531981
41541981
41551981
41561981
41571981
41581981
41591981
41601981
41611981
41621981
41631981
41641981
41651981
41661981
41671981
41681981
41691981
41701981
41711981
41721981
41731981
41741981
41751981
41761981
41771981
41781981
41791981
41801981
41811981
41821981
41831981
41841981
41851981
41861981
41871981
41881981
41891981
41901981
41911981
41921981
41931981
41941981
41951981
41961981
41971981
41981981
41991981
42001981
42011981
42021981
42031981
42041981
42051981
42061981
42071981
42081981
42091981
42101981
42111981
42121981
42131981
42141981
42151981
42161981
42171981
42181981
42191981
42201981
42211981
42221981
42231981
42241981
42251981
42261981
42271981
42281981
42291981
42301981
42311981
42321981
42331981
42341981
42351981
42361981
42371981
42381981
42391981
42401981
42411981
42421981
42431981
42441981
42451981
42461981
42471981
42481981
42491981
42501981
42511981
42521981
42531981
42541981
42551981
42561981
42571981
42581981
42591981
42601981
42611981
42621981
42631981
42641981
42651981
42661981
42671981
42681981
42691981
42701981
42711981
42721981
42731981
42741981
42751981
42761981
42771981
42781981
42791981
42801981
42811981
42821981
42831981
42841981
42851981
42861981
42871981
42881981
42891981
42901981
42911981
42921981
42931981
42941981
42951981
42961981
42971981
42981981
42991981
43001981
43011981
43021981
43031981
43041981
43051981
43061981
43071981
43081981
43091981
43101981
43111981
43121981
43131981
43141981
43151981
43161981
43171981
43181981
43191981
43201981
43211981
43221981
43231981
43241981
43251981
43261981
43271981
43281981
43291981
43301981
43311981
43321981
43331981
43341981
43351981
43361981
43371981
43381981
43391981
43401981
43411981
43421981
43431981
43441981
43451981
43461981
43471981
43481981
43491981
43501981
43511981
43521981
43531981
43541981
43551981
43561981
43571981
43581981
43591981
43601981
43611981
43621981
43631981
43641981
43651981
43661981
43671981
43681981
43691981
43701981
43711981
43721981
43731981
43741981
43751981
43761981
43771981
43781981
43791981
43801981
43811981
43821981
43831981
43841981
43851981
43861981
43871981
43881981
43891981
43901981
43911981
43921981
43931981
43941981
43951981
43961981
43971981
43981981
43991981
44001981
44011981
44021981
44031981
44041981
44051981
44061981
44071981
44081981
44091981
44101981
44111981
44121981
44131981
44141981
44151981
44161981
44171981
44181981
44191981
44201981
44211981
44221981
44231981
44241981
44251981
44261981
44271981
44281981
44291981
44301981
44311981
44321981
44331981
44341981
44351981
44361981
44371981
44381981
44391981
44401981
44411981
44421981
44431981
44441981
44451981
44461981
44471981
44481981
44491981
44501981
44511981
44521981
44531981
44541981
44551981
44561981
44571981
44581981
44591981
44601981
44611981
44621981
44631981
44641981
44651981
44661981
44671981
44681981
44691981
44701981
44711981
44721981
44731981
44741981
44751981
44761981
44771981
44781981
44791981
44801981
44811981
44821981
44831981
44841981
44851981
44861981
44871981
44881981
44891981
44901981
44911981
44921981
44931981
44941981
44951981
44961981
44971981
44981981
44991981
45001981
45011981
45021981
45031981
45041981
45051981
45061981
45071981
45081981
45091981
45101981
45111981
45121981
45131981
45141981
45151981
45161981
45171981
45181981
45191981
45201981
45211981
45221981
45231981
45241981
45251981
45261981
45271981
45281981
45291981
45301981
45311981
45321981
45331981
45341981
45351981
45361981
45371981
45381981
45391981
45401981
45411981
45421981
45431981
45441981
45451981
45461981
45471981
45481981
45491981
45501981
45511981
45521981
45531981
45541981
45551981
45561981
45571981
45581981
45591981
45601981
45611981
45621981
45631981
45641981
45651981
45661981
45671981
45681981
45691981
45701981
45711981
45721981
45731981
45741981
45751981
45761981
45771981
45781981
45791981
45801981
45811981
45821981
45831981
45841981
45851981
45861981
45871981
45881981
45891981
45901981
45911981
45921981
45931981
45941981
45951981
45961981
45971981
45981981
45991981
46001981
46011981
46021981
46031981
46041981
46051981
46061981
46071981
46081981
46091981
46101981
46111981
46121981
46131981
46141981
46151981
46161981
46171981
46181981
46191981
46201981
46211981
46221981
46231981
46241981
46251981
46261981
46271981
46281981
46291981
46301981
46311981
46321981
46331981
46341981
46351981
46361981
46371981
46381981
46391981
46401981
46411981
46421981
46431981
46441981
46451981
46461981
46471981
46481981
46491981
46501981
46511981
46521981
46531981
46541981
46551981
46561981
46571981
46581981
46591981
46601981
46611981
46621981
46631981
46641981
46651981
46661981
46671981
46681981
46691981
46701981
46711981
46721981
46731981
46741981
46751981
46761981
46771981
46781981
46791981
46801981
46811981
46821981
46831981
46841981
46851981
46861981
46871981
46881981
46891981
46901981
46911981
46921981
46931981
46941981
46951981
46961981
46971981
46981981
46991981
47001981
47011981
47021981
47031981
47041981
47051981
47061981
47071981
47081981
47091981
47101981
47111981
47121981
47131981
47141981
47151981
47161981
47171981
47181981
47191981
47201981
47211981
47221981
47231981
47241981
47251981
47261981
47271981
47281981
47291981
47301981
47311981
47321981
47331981
47341981
47351981
47361981
47371981
47381981
47391981
47401981
47411981
47421981
47431981
47441981
47451981
47461981
47471981
47481981
47491981
47501981
47511981
47521981
47531981
47541981
47551981
47561981
47571981
47581981
47591981
47601981
47611981
47621981
47631981
47641981
47651981
47661981
47671981
47681981
47691981
47701981
47711981
47721981
47731981
47741981
47751981
47761981
47771981
47781981
47791981
47801981
47811981
47821981
47831981
47841981
47851981
47861981
47871981
47881981
47891981
47901981
47911981
47921981
47931981
47941981
47951981
47961981
47971981
47981981
47991981
48001981
48011981
48021981
48031981
48041981
48051981
48061981
48071981
48081981
48091981
48101981
48111981
48121981
48131981
48141981
48151981
48161981
48171981
48181981
48191981
48201981
48211981
48221981
48231981
48241981
48251981
48261981
48271981
48281981
48291981
48301981
48311981
48321981
48331981
48341981
48351981
48361981
48371981
48381981
48391981
48401981
48411981
48421981
48431981
48441981
48451981
48461981
48471981
48481981
48491981
48501981
48511981
48521981
48531981
48541981
48551981
48561981
48571981
48581981
48591981
48601981
48611981
48621981
48631981
48641981
48651981
48661981
48671981
48681981
48691981
48701981
48711981
48721981
48731981
48741981
48751981
48761981
48771981
48781981
48791981
48801981
48811981
48821981
48831981
48841981
48851981
48861981
48871981
48881981
48891981
48901981
48911981
48921981
48931981
48941981
48951981
48961981
48971981
48981981
48991981
49001981
49011981
49021981
49031981
49041981
49051981
49061981
49071981
49081981
49091981
49101981
49111981
49121981
49131981
49141981
49151981
49161981
49171981
49181981
49191981
49201981
49211981
49221981
49231981
49241981
49251981
49261981
49271981
49281981
49291981
49301981
49311981
49321981
49331981
49341981
49351981
49361981
49371981
49381981
49391981
49401981
49411981
49421981
49431981
49441981
49451981
49461981
49471981
49481981
49491981
49501981
49511981
49521981
49531981
49541981
49551981
49561981
49571981
49581981
49591981
49601981
49611981
49621981
49631981
49641981
49651981
49661981
49671981
49681981
49691981
49701981
49711981
49721981
49731981
49741981
49751981
49761981
49771981
49781981
49791981
49801981
49811981
49821981
49831981
49841981
49851981
49861981
49871981
49881981
49891981
49901981
49911981
49921981
49931981
49941981
49951981
49961981
49971981
49981981
49991981
50001981
50011981
50021981
50031981
50041981
50051981
50061981
50071981
50081981
50091981
50101981
50111981
50121981
50131981
50141981
50151981
50161981
50171981
50181981
50191981
50201981
50211981
50221981
50231981
50241981
50251981
50261981
50271981
50281981
50291981
50301981
50311981
50321981
50331981
50341981
50351981
50361981
50371981
50381981
50391981
50401981
50411981
50421981
50431981
50441981
50451981
50461981
50471981
50481981
50491981
50501981
50511981
50521981
50531981
50541981
50551981
50561981
50571981
50581981
50591981
50601981
50611981
50621981
50631981
50641981
50651981
50661981
50671981
50681981
50691981
50701981
50711981
50721981
50731981
50741981
50751981
50761981
50771981
50781981
50791981
50801981
50811981
50821981
50831981
50841981
50851981
50861981
50871981
50881981
50891981
50901981
50911981
50921981
50931981
50941981
50951981
50961981
50971981
50981981
50991981
51001981
51011981
51021981
51031981
51041981
51051981
51061981
51071981
51081981
51091981
51101981
51111981
51121981
51131981
51141981
51151981
51161981
51171981
51181981
51191981
51201981
51211981
51221981
51231981
51241981
51251981
51261981
51271981
51281981
51291981
51301981
51311981
51321981
51331981
51341981
51351981
51361981
51371981
51381981
51391981
51401981
51411981
51421981
51431981
51441981
51451981
51461981
51471981
51481981
51491981
51501981
51511981
51521981
51531981
51541981
51551981
51561981
51571981
51581981
51591981
51601981
51611981
51621981
51631981
51641981
51651981
51661981
51671981
51681981
51691981
51701981
51711981
51721981
51731981
51741981
51751981
51761981
51771981
51781981
51791981
51801981
51811981
51821981
51831981
51841981
51851981
51861981
51871981
51881981
51891981
51901981
51911981
51921981
51931981
51941981
51951981
51961981
51971981
51981981
51991981
52001981
52011981
52021981
52031981
52041981
52051981
52061981
52071981
52081981
52091981
52101981
52111981
52121981
52131981
52141981
52151981
52161981
52171981
52181981
52191981
52201981
52211981
52221981
52231981
52241981
52251981
52261981
52271981
52281981
52291981
52301981
52311981
52321981
52331981
52341981
52351981
52361981
52371981
52381981
52391981
52401981
52411981
52421981
52431981
52441981
52451981
52461981
52471981
52481981
52491981
52501981
52511981
52521981
52531981
52541981
52551981
52561981
52571981
52581981
52591981
52601981
52611981
52621981
52631981
52641981
52651981
52661981
52671981
52681981
52691981
52701981
52711981
52721981
52731981
52741981
52751981
52761981
52771981
52781981
52791981
52801981
52811981
52821981
52831981
52841981
52851981
52861981
52871981
52881981
52891981
52901981
52911981
52921981
52931981
52941981
52951981
52961981
52971981
52981981
52991981
53001981
53011981
53021981
53031981
53041981
53051981
53061981
53071981
53081981
53091981
53101981
53111981
53121981
53131981
53141981
53151981
53161981
53171981
53181981
53191981
53201981
53211981
53221981
53231981
53241981
53251981
53261981
53271981
53281981
53291981
53301981
53311981
53321981
53331981
53341981
53351981
53361981
53371981
53381981
53391981
53401981
53411981
53421981
53431981
53441981
53451981
53461981
53471981
53481981
53491981
53501981
53511981
53521981
53531981
53541981
53551981
53561981
53571981
53581981
53591981
53601981
53611981
53621981
53631981
53641981
53651981
53661981
53671981
53681981
53691981
53701981
53711981
53721981
53731981
53741981
53751981
53761981
53771981
53781981
53791981
53801981
53811981
53821981
53831981
53841981
53851981
53861981
53871981
53881981
53891981
53901981
53911981
53921981
53931981
53941981
53951981
53961981
53971981
53981981
53991981
54001981
54011981
54021981
54031981
54041981
54051981
54061981
54071981
54081981
54091981
54101981
54111981
54121981
54131981
54141981
54151981
54161981
54171981
54181981
54191981
54201981
54211981
54221981
54231981
54241981
54251981
54261981
54271981
54281981
54291981
54301981
54311981
54321981
54331981
54341981
54351981
54361981
54371981
54381981
54391981
54401981
54411981
54421981
54431981
54441981
54451981
54461981
54471981
54481981
54491981
54501981
54511981
54521981
54531981
54541981
54551981
54561981
54571981
54581981
54591981
54601981
54611981
54621981
54631981
54641981
54651981
54661981
54671981
54681981
54691981
54701981
54711981
54721981
54731981
54741981
54751981
54761981
54771981
54781981
54791981
54801981
54811981
54821981
54831981
54841981
54851981
54861981
54871981
54881981
54891981
54901981
54911981
54921981
54931981
54941981
54951981
54961981
54971981
54981981
54991981
55001981
55011981
55021981
55031981
55041981
55051981
55061981
55071981
55081981
55091981
55101981
55111981
55121981
55131981
55141981
55151981
55161981
55171981
55181981
55191981
55201981
55211981
55221981
55231981
55241981
55251981
55261981
55271981
55281981
55291981
55301981
55311981
55321981
55331981
55341981
55351981
55361981
55371981
55381981
55391981
55401981
55411981
55421981
55431981
55441981
55451981
55461981
55471981
55481981
55491981
55501981
55511981
55521981
55531981
55541981
55551981
55561981
55571981
55581981
55591981
55601981
55611981
55621981
55631981
55641981
55651981
55661981
55671981
55681981
55691981
55701981
55711981
55721981
55731981
55741981
55751981
55761981
55771981
55781981
55791981
55801981
55811981
55821981
55831981
55841981
55851981
55861981
55871981
55881981
55891981
55901981
55911981
55921981
55931981
55941981
55951981
55961981
55971981
55981981
55991981
56001981
56011981
56021981
56031981
56041981
56051981
56061981
56071981
56081981
56091981
56101981
56111981
56121981
56131981
56141981
56151981
56161981
56171981
56181981
56191981
56201981
56211981
56221981
56231981
56241981
56251981
56261981
56271981
56281981
56291981
56301981
56311981
56321981
56331981
56341981
56351981
56361981
56371981
56381981
56391981
56401981
56411981
56421981
56431981
56441981
56451981
56461981
56471981
56481981
56491981
56501981
56511981
56521981
56531981
56541981
56551981
56561981
56571981
56581981
56591981
56601981
56611981
56621981
56631981
56641981
56651981
56661981
56671981
56681981
56691981
56701981
56711981
56721981
56731981
56741981
56751981
56761981
56771981
56781981
56791981
56801981
56811981
56821981
56831981
56841981
56851981
56861981
56871981
56881981
56891981
56901981
56911981
56921981
56931981
56941981
56951981
56961981
56971981
56981981
56991981
57001981
57011981
57021981
57031981
57041981
57051981
57061981
57071981
57081981
57091981
57101981
57111981
57121981
57131981
57141981
57151981
57161981
57171981
57181981
57191981
57201981
57211981
57221981
57231981
57241981
57251981
57261981
57271981
57281981
57291981
57301981
57311981
57321981
57331981
57341981
57351981
57361981
57371981
57381981
57391981
57401981
57411981
57421981
57431981
57441981
57451981
57461981
57471981
57481981
57491981
57501981
57511981
57521981
57531981
57541981
57551981
57561981
57571981
57581981
57591981
57601981
57611981
57621981
57631981
57641981
57651981
57661981
57671981
57681981
57691981
57701981
57711981
57721981
57731981
57741981
57751981
57761981
57771981
57781981
57791981
57801981
57811981
57821981
57831981
57841981
57851981
57861981
57871981
57881981
57891981
57901981
57911981
57921981
57931981
57941981
57951981
57961981
57971981
57981981
57991981
58001981
58011981
58021981
58031981
58041981
58051981
58061981
58071981
58081981
58091981
58101981
58111981
58121981
58131981
58141981
58151981
58161981
58171981
58181981
58191981
58201981
58211981
58221981
58231981
58241981
58251981
58261981
58271981
58281981
58291981
58301981
58311981
58321981
58331981
58341981
58351981
58361981
58371981
58381981
58391981
58401981
58411981
58421981
58431981
58441981
58451981
58461981
58471981
58481981
58491981
58501981
58511981
58521981
58531981
58541981
58551981
58561981
58571981
58581981
58591981
58601981
58611981
58621981
58631981
58641981
58651981
58661981
58671981
58681981
58691981
58701981
58711981
58721981
58731981
58741981
58751981
58761981
58771981
58781981
58791981
58801981
58811981
58821981
58831981
58841981
58851981
58861981
58871981
58881981
58891981
58901981
58911981
58921981
58931981
58941981
58951981
58961981
58971981
58981981
58991981
59001981
59011981
59021981
59031981
59041981
59051981
59061981
59071981
59081981
59091981
59101981
59111981
59121981
59131981
59141981
59151981
59161981
59171981
59181981
59191981
59201981
59211981
59221981
59231981
59241981
59251981
59261981
59271981
59281981
59291981
59301981
59311981
59321981
59331981
59341981
59351981
59361981
59371981
59381981
59391981
59401981
59411981
59421981
59431981
59441981
59451981
59461981
59471981
59481981
59491981
59501981
59511981
59521981
59531981
59541981
59551981
59561981
59571981
59581981
59591981
59601981
59611981
59621981
59631981
59641981
59651981
59661981
59671981
59681981
59691981
59701981
59711981
59721981
59731981
59741981
59751981
59761981
59771981
59781981
59791981
59801981
59811981
59821981
59831981
59841981
59851981
59861981
59871981
59881981
59891981
59901981
59911981
59921981
59931981
59941981
59951981
59961981
59971981
59981981
59991981
60001981
60011981
60021981
60031981
60041981
60051981
60061981
60071981
60081981
60091981
60101981
60111981
60121981
60131981
60141981
60151981
60161981
60171981
60181981
60191981
60201981
60211981
60221981
60231981
60241981
60251981
60261981
60271981
60281981
60291981
60301981
60311981
60321981
60331981
60341981
60351981
60361981
60371981
60381981
60391981
60401981
60411981
60421981
60431981
60441981
60451981
60461981
60471981
60481981
60491981
60501981
60511981
60521981
60531981
60541981
60551981
60561981
60571981
60581981
60591981
60601981
60611981
60621981
60631981
60641981
60651981
60661981
60671981
60681981
60691981
60701981
60711981
60721981
60731981
60741981
60751981
60761981
60771981
60781981
60791981
60801981
60811981
60821981
60831981
60841981
60851981
60861981
60871981
60881981
60891981
60901981
60911981
60921981
60931981
60941981
60951981
60961981
60971981
60981981
60991981
61001981
61011981
61021981
61031981
61041981
61051981
61061981
61071981
61081981
61091981
61101981
61111981
61121981
61131981
61141981
61151981
61161981
61171981
61181981
61191981
61201981
61211981
61221981
61231981
61241981
61251981
61261981
61271981
61281981
61291981
61301981
61311981
61321981
61331981
61341981
61351981
61361981
61371981
61381981
61391981
61401981
61411981
61421981
61431981
61441981
61451981
61461981
61471981
61481981
61491981
61501981
61511981
61521981
61531981
61541981
61551981
61561981
61571981
61581981
61591981
61601981
61611981
61621981
61631981
61641981
61651981
61661981
61671981
61681981
61691981
61701981
61711981
61721981
61731981
61741981
61751981
61761981
61771981
61781981
61791981
61801981
61811981
61821981
61831981
61841981
61851981
61861981
61871981
61881981
61891981
61901981
61911981
61921981
61931981
61941981
61951981
61961981
61971981
61981981
61991981
62001981
62011981
62021981
62031981
62041981
62051981
62061981
62071981
62081981
62091981
62101981
62111981
62121981
62131981
62141981
62151981
62161981
62171981
62181981
62191981
62201981
62211981
62221981
62231981
62241981
62251981
62261981
62271981
62281981
62291981
62301981
62311981
62321981
62331981
62341981
62351981
62361981
62371981
62381981
62391981
62401981
62411981
62421981
62431981
62441981
62451981
62461981
62471981
62481981
62491981
62501981
62511981
62521981
62531981
62541981
62551981
62561981
62571981
62581981
62591981
62601981
62611981
62621981
62631981
62641981
62651981
62661981
62671981
62681981
62691981
62701981
62711981
62721981
62731981
62741981
62751981
62761981
62771981
62781981
62791981
62801981
62811981
62821981
62831981
62841981
62851981
62861981
62871981
62881981
62891981
62901981
62911981
62921981
62931981
62941981
62951981
62961981
62971981
62981981
62991981
63001981
63011981
63021981
63031981
63041981
63051981
63061981
63071981
63081981
63091981
63101981
63111981
63121981
63131981
63141981
63151981
63161981
63171981
63181981
63191981
63201981
63211981
63221981
63231981
63241981
63251981
63261981
63271981
63281981
63291981
63301981
63311981
63321981
63331981
63341981
63351981
63361981
63371981
63381981
63391981
63401981
63411981
63421981
63431981
63441981
63451981
63461981
63471981
63481981
63491981
63501981
63511981
63521981
63531981
63541981
63551981
63561981
63571981
63581981
63591981
63601981
63611981
63621981
63631981
63641981
63651981
63661981
63671981
63681981
63691981
63701981
63711981
63721981
63731981
63741981
63751981
63761981
63771981
63781981
63791981
63801981
63811981
63821981
63831981
63841981
63851981
63861981
63871981
63881981
63891981
63901981
63911981
63921981
63931981
63941981
63951981
63961981
63971981
63981981
63991981
64001981
64011981
64021981
64031981
64041981
64051981
64061981
64071981
64081981
64091981
64101981
64111981
64121981
64131981
64141981
64151981
64161981
64171981
64181981
64191981
64201981
64211981
64221981
64231981
64241981
64251981
64261981
64271981
64281981
64291981
64301981
64311981
64321981
64331981
64341981
64351981
64361981
64371981
64381981
64391981
64401981
64411981
64421981
64431981
64441981
64451981
64461981
64471981
64481981
64491981
64501981
64511981
64521981
64531981
64541981
64551981
64561981
64571981
64581981
64591981
64601981
64611981
64621981
64631981
64641981
64651981
64661981
64671981
64681981
64691981
64701981
64711981
64721981
64731981
64741981
64751981
64761981
64771981
64781981
64791981
64801981
64811981
64821981
64831981
64841981
64851981
64861981
64871981
64881981
64891981
64901981
64911981
64921981
64931981
64941981
64951981
64961981
64971981
64981981
64991981
65001981
65011981
65021981
65031981
65041981
65051981
65061981
65071981
65081981
65091981
65101981
65111981
65121981
65131981
65141981
65151981
65161981
65171981
65181981
65191981
65201981
65211981
65221981
65231981
65241981
65251981
65261981
65271981
65281981
65291981
65301981
65311981
65321981
65331981
65341981
65351981
65361981
65371981
65381981
65391981
65401981
65411981
65421981
65431981
65441981
65451981
65461981
65471981
65481981
65491981
65501981
65511981
65521981
65531981
65541981
65551981
65561981
65571981
65581981
65591981
65601981
65611981
65621981
65631981
65641981
65651981
65661981
65671981
65681981
65691981
65701981
65711981
65721981
65731981
65741981
65751981
65761981
65771981
65781981
65791981
65801981
65811981
65821981
65831981
65841981
65851981
65861981
65871981
65881981
65891981
65901981
65911981
65921981
65931981
65941981
65951981
65961981
65971981
65981981
65991981
66001981
66011981
66021981
66031981
66041981
66051981
66061981
66071981
66081981
66091981
66101981
66111981
66121981
66131981
66141981
66151981
66161981
66171981
66181981
66191981
66201981
66211981
66221981
66231981
66241981
66251981
66261981
66271981
66281981
66291981
66301981
66311981
66321981
66331981
66341981
66351981
66361981
66371981
66381981
66391981
66401981
66411981
66421981
66431981
66441981
66451981
66461981
66471981
66481981
66491981
66501981
66511981
66521981
66531981
66541981
66551981
66561981
66571981
66581981
66591981
66601981
66611981
66621981
66631981
66641981
66651981
66661981
66671981
66681981
66691981
66701981
66711981
66721981
66731981
66741981
66751981
66761981
66771981
66781981
66791981
66801981
66811981
66821981
66831981
66841981
66851981
66861981
66871981
66881981
66891981
66901981
66911981
66921981
66931981
66941981
66951981
66961981
66971981
66981981
66991981
67001981
67011981
67021981
67031981
67041981
67051981
67061981
67071981
67081981
67091981
67101981
67111981
67121981
67131981
67141981
67151981
67161981
67171981
67181981
67191981
67201981
67211981
67221981
67231981
67241981
67251981
67261981
67271981
67281981
67291981
67301981
67311981
67321981
67331981
67341981
67351981
67361981
67371981
67381981
67391981
67401981
67411981
67421981
67431981
67441981
67451981
67461981
67471981
67481981
67491981
67501981
67511981
67521981
67531981
67541981
67551981
67561981
67571981
67581981
67591981
67601981
67611981
67621981
67631981
67641981
67651981
67661981
67671981
67681981
67691981
67701981
67711981
67721981
67731981
67741981
67751981
67761981
67771981
67781981
67791981
67801981
67811981
67821981
67831981
67841981
67851981
67861981
67871981
67881981
67891981
67901981
67911981
67921981
67931981
67941981
67951981
67961981
67971981
67981981
67991981
68001981
68011981
68021981
68031981
68041981
68051981
68061981
68071981
68081981
68091981
68101981
68111981
68121981
68131981
68141981
68151981
68161981
68171981
68181981
68191981
68201981
68211981
68221981
68231981
68241981
68251981
68261981
68271981
68281981
68291981
68301981
68311981
68321981
68331981
68341981
68351981
68361981
68371981
68381981
68391981
68401981
68411981
68421981
68431981
68441981
68451981
68461981
68471981
68481981
68491981
68501981
68511981
68521981
68531981
68541981
68551981
68561981
68571981
68581981
68591981
68601981
68611981
68621981
68631981
68641981
68651981
68661981
68671981
68681981
68691981
68701981
68711981
68721981
68731981
68741981
68751981
68761981
68771981
68781981
68791981
68801981
68811981
68821981
68831981
68841981
68851981
68861981
68871981
68881981
68891981
68901981
68911981
68921981
68931981
68941981
68951981
68961981
68971981
68981981
68991981
69001981
69011981
69021981
69031981
69041981
69051981
69061981
69071981
69081981
69091981
69101981
69111981
69121981
69131981
69141981
69151981
69161981
69171981
69181981
69191981
69201981
69211981
69221981
69231981
69241981
69251981
69261981
69271981
69281981
69291981
69301981
69311981
69321981
69331981
69341981
69351981
69361981
69371981
69381981
69391981
69401981
69411981
69421981
69431981
69441981
69451981
69461981
69471981
69481981
69491981
69501981
69511981
69521981
69531981
69541981
69551981
69561981
69571981
69581981
69591981
69601981
69611981
69621981
69631981
69641981
69651981
69661981
69671981
69681981
69691981
69701981
69711981
69721981
69731981
69741981
69751981
69761981
69771981
69781981
69791981
69801981
69811981
69821981
69831981
69841981
69851981
69861981
69871981
69881981
69891981
69901981
69911981
69921981
69931981
69941981
69951981
69961981
69971981
69981981
69991981
70001981
70011981
70021981
70031981
70041981
70051981
70061981
70071981
70081981
70091981
70101981
70111981
70121981
70131981
70141981
70151981
70161981
70171981
70181981
70191981
70201981
70211981
70221981
70231981
70241981
70251981
70261981
70271981
70281981
70291981
70301981
70311981
70321981
70331981
70341981
70351981
70361981
70371981
70381981
70391981
70401981
70411981
70421981
70431981
70441981
70451981
70461981
70471981
70481981
70491981
70501981
70511981
70521981
70531981
70541981
70551981
70561981
70571981
70581981
70591981
70601981
70611981
70621981
70631981
70641981
70651981
70661981
70671981
70681981
70691981
70701981
70711981
70721981
70731981
70741981
70751981
70761981
70771981
70781981
70791981
70801981
70811981
70821981
70831981
70841981
70851981
70861981
70871981
70881981
70891981
70901981
70911981
70921981
70931981
70941981
70951981
70961981
70971981
70981981
70991981
71001981
71011981
71021981
71031981
71041981
71051981
71061981
71071981
71081981
71091981
71101981
71111981
71121981
71131981
71141981
71151981
71161981
71171981
71181981
71191981
71201981
71211981
71221981
71231981
71241981
71251981
71261981
71271981
71281981
71291981
71301981
71311981
71321981
71331981
71341981
71351981
71361981
71371981
71381981
71391981
71401981
71411981
71421981
71431981
71441981
71451981
71461981
71471981
71481981
71491981
71501981
71511981
71521981
71531981
71541981
71551981
71561981
71571981
71581981
71591981
71601981
71611981
71621981
71631981
71641981
71651981
71661981
71671981
71681981
71691981
71701981
71711981
71721981
71731981
71741981
71751981
71761981
71771981
71781981
71791981
71801981
71811981
71821981
71831981
71841981
71851981
71861981
71871981
71881981
71891981
71901981
71911981
71921981
71931981
71941981
71951981
71961981
71971981
71981981
71991981
72001981
72011981
72021981
72031981
72041981
72051981
72061981
72071981
72081981
72091981
72101981
72111981
72121981
72131981
72141981
72151981
72161981
72171981
72181981
72191981
72201981
72211981
72221981
72231981
72241981
72251981
72261981
72271981
72281981
72291981
72301981
72311981
72321981
72331981
72341981
72351981
72361981
72371981
72381981
72391981
72401981
72411981
72421981
72431981
72441981
72451981
72461981
72471981
72481981
72491981
72501981
72511981
72521981
72531981
72541981
72551981
72561981
72571981
72581981
72591981
72601981
72611981
72621981
72631981
72641981
72651981
72661981
72671981
72681981
72691981
72701981
72711981
72721981
72731981
72741981
72751981
72761981
72771981
72781981
72791981
72801981
72811981
72821981
72831981
72841981
72851981
72861981
72871981
72881981
72891981
72901981
72911981
72921981
72931981
72941981
72951981
72961981
72971981
72981981
72991981
73001981
73011981
73021981
73031981
73041981
73051981
73061981
73071981
73081981
73091981
73101981
73111981
73121981
73131981
73141981
73151981
73161981
73171981
73181981
73191981
73201981
73211981
73221981
73231981
73241981
73251981
73261981
73271981
73281981
73291981
73301981
73311981
73321981
73331981
73341981
73351981
73361981
73371981
73381981
73391981
73401981
73411981
73421981
73431981
73441981
73451981
73461981
73471981
73481981
73491981
73501981
73511981
73521981
73531981
73541981
73551981
73561981
73571981
73581981
73591981
73601981
73611981
73621981
73631981
73641981
73651981
73661981
73671981
73681981
73691981
73701981
73711981
73721981
73731981
73741981
73751981
73761981
73771981
73781981
73791981
73801981
73811981
73821981
73831981
73841981
73851981
73861981
73871981
73881981
73891981
73901981
73911981
73921981
73931981
73941981
73951981
73961981
73971981
73981981
73991981
74001981
74011981
74021981
74031981
74041981
74051981
74061981
74071981
74081981
74091981
74101981
74111981
74121981
74131981
74141981
74151981
74161981
74171981
74181981
74191981
74201981
74211981
74221981
74231981
74241981
74251981
74261981
74271981
74281981
74291981
74301981
74311981
74321981
74331981
74341981
74351981
74361981
74371981
74381981
74391981
74401981
74411981
74421981
74431981
74441981
74451981
74461981
74471981
74481981
74491981
74501981
74511981
74521981
74531981
74541981
74551981
74561981
74571981
74581981
74591981
74601981
74611981
74621981
74631981
74641981
74651981
74661981
74671981
74681981
74691981
74701981
74711981
74721981
74731981
74741981
74751981
74761981
74771981
74781981
74791981
74801981
74811981
74821981
74831981
74841981
74851981
74861981
74871981
74881981
74891981
74901981
74911981
74921981
74931981
74941981
74951981
74961981
74971981
74981981
74991981
75001981
75011981
75021981
75031981
75041981
75051981
75061981
75071981
75081981
75091981
75101981
75111981
75121981
75131981
75141981
75151981
75161981
75171981
75181981
75191981
75201981
75211981
75221981
75231981
75241981
75251981
75261981
75271981
75281981
75291981
75301981
75311981
75321981
75331981
75341981
75351981
75361981
75371981
75381981
75391981
75401981
75411981
75421981
75431981
75441981
75451981
75461981
75471981
75481981
75491981
75501981
75511981
75521981
75531981
75541981
75551981
75561981
75571981
75581981
75591981
75601981
75611981
75621981
75631981
75641981
75651981
75661981
75671981
75681981
75691981
75701981
75711981
75721981
75731981
75741981
75751981
75761981
75771981
75781981
75791981
75801981
75811981
75821981
75831981
75841981
75851981
75861981
75871981
75881981
75891981
75901981
75911981
75921981
75931981
75941981
75951981
75961981
75971981
75981981
75991981
76001981
76011981
76021981
76031981
76041981
76051981
76061981
76071981
76081981
76091981
76101981
76111981
76121981
76131981
76141981
76151981
76161981
76171981
76181981
76191981
76201981
76211981
76221981
76231981
76241981
76251981
76261981
76271981
76281981
76291981
76301981
76311981
76321981
76331981
76341981
76351981
76361981
76371981
76381981
76391981
76401981
76411981
76421981
76431981
76441981
76451981
76461981
76471981
76481981
76491981
76501981
76511981
76521981
76531981
76541981
76551981
76561981
76571981
76581981
76591981
76601981
76611981
76621981
76631981
76641981
76651981
76661981
76671981
76681981
76691981
76701981
76711981
76721981
76731981
76741981
76751981
76761981
76771981
76781981
76791981
76801981
76811981
76821981
76831981
76841981
76851981
76861981
76871981
76881981
76891981
76901981
76911981
76921981
76931981
76941981
76951981
76961981
76971981
76981981
76991981
77001981
77011981
77021981
77031981
77041981
77051981
77061981
77071981
77081981
77091981
77101981
77111981
77121981
77131981
77141981
77151981
77161981
77171981
77181981
77191981
77201981
77211981
77221981
77231981
77241981
77251981
77261981
77271981
77281981
77291981
77301981
77311981
77321981
77331981
77341981
77351981
77361981
77371981
77381981
77391981
77401981
77411981
77421981
77431981
77441981
77451981
77461981
77471981
77481981
77491981
77501981
77511981
77521981
77531981
77541981
77551981
77561981
77571981
77581981
77591981
77601981
77611981
77621981
77631981
77641981
77651981
77661981
77671981
77681981
77691981
77701981
77711981
77721981
77731981
77741981
77751981
77761981
77771981
77781981
77791981
77801981
77811981
77821981
77831981
77841981
77851981
77861981
77871981
77881981
77891981
77901981
77911981
77921981
77931981
77941981
77951981
77961981
77971981
77981981
77991981
78001981
78011981
78021981
78031981
78041981
78051981
78061981
78071981
78081981
78091981
78101981
78111981
78121981
78131981
78141981
78151981
78161981
78171981
78181981
78191981
78201981
78211981
78221981
78231981
78241981
78251981
78261981
78271981
78281981
78291981
78301981
78311981
78321981
78331981
78341981
78351981
78361981
78371981
78381981
78391981
78401981
78411981
78421981
78431981
78441981
78451981
78461981
78471981
78481981
78491981
78501981
78511981
78521981
78531981
78541981
78551981
78561981
78571981
78581981
78591981
78601981
78611981
78621981
78631981
78641981
78651981
78661981
78671981
78681981
78691981
78701981
78711981
78721981
78731981
78741981
78751981
78761981
78771981
78781981
78791981
78801981
78811981
78821981
78831981
78841981
78851981
78861981
78871981
78881981
78891981
78901981
78911981
78921981
78931981
78941981
78951981
78961981
78971981
78981981
78991981
79001981
79011981
79021981
79031981
79041981
79051981
79061981
79071981
79081981
79091981
79101981
79111981
79121981
79131981
79141981
79151981
79161981
79171981
79181981
79191981
79201981
79211981
79221981
79231981
79241981
79251981
79261981
79271981
79281981
79291981
79301981
79311981
79321981
79331981
79341981
79351981
79361981
79371981
79381981
79391981
79401981
79411981
79421981
79431981
79441981
79451981
79461981
79471981
79481981
79491981
79501981
79511981
79521981
79531981
79541981
79551981
79561981
79571981
79581981
79591981
79601981
79611981
79621981
79631981
79641981
79651981
79661981
79671981
79681981
79691981
79701981
79711981
79721981
79731981
79741981
79751981
79761981
79771981
79781981
79791981
79801981
79811981
79821981
79831981
79841981
79851981
79861981
79871981
79881981
79891981
79901981
79911981
79921981
79931981
79941981
79951981
79961981
79971981
79981981
79991981
80001981
80011981
80021981
80031981
80041981
80051981
80061981
80071981
80081981
80091981
80101981
80111981
80121981
80131981
80141981
80151981
80161981
80171981
80181981
80191981
80201981
80211981
80221981
80231981
80241981
80251981
80261981
80271981
80281981
80291981
80301981
80311981
80321981
80331981
80341981
80351981
80361981
80371981
80381981
80391981
80401981
80411981
80421981
80431981
80441981
80451981
80461981
80471981
80481981
80491981
80501981
80511981
80521981
80531981
80541981
80551981
80561981
80571981
80581981
80591981
80601981
80611981
80621981
80631981
80641981
80651981
80661981
80671981
80681981
80691981
80701981
80711981
80721981
80731981
80741981
80751981
80761981
80771981
80781981
80791981
80801981
80811981
80821981
80831981
80841981
80851981
80861981
80871981
80881981
80891981
80901981
80911981
80921981
80931981
80941981
80951981
80961981
80971981
80981981
80991981
81001981
81011981
81021981
81031981
81041981
81051981
81061981
81071981
81081981
81091981
81101981
81111981
81121981
81131981
81141981
81151981
81161981
81171981
81181981
81191981
81201981
81211981
81221981
81231981
81241981
81251981
81261981
81271981
81281981
81291981
81301981
81311981
81321981
81331981
81341981
81351981
81361981
81371981
81381981
81391981
81401981
81411981
81421981
81431981
81441981
81451981
81461981
81471981
81481981
81491981
81501981
81511981
81521981
81531981
81541981
81551981
81561981
81571981
81581981
81591981
81601981
81611981
81621981
81631981
81641981
81651981
81661981
81671981
81681981
81691981
81701981
81711981
81721981
81731981
81741981
81751981
81761981
81771981
81781981
81791981
81801981
81811981
81821981
81831981
81841981
81851981
81861981
81871981
81881981
81891981
81901981
81911981
81921981
81931981
81941981
81951981
81961981
81971981
81981981
81991981
82001981
82011981
82021981
82031981
82041981
82051981
82061981
82071981
82081981
82091981
82101981
82111981
82121981
82131981
82141981
82151981
82161981
82171981
82181981
82191981
82201981
82211981
82221981
82231981
82241981
82251981
82261981
82271981
82281981
82291981
82301981
82311981
82321981
82331981
82341981
82351981
82361981
82371981
82381981
82391981
82401981
82411981
82421981
82431981
82441981
82451981
82461981
82471981
82481981
82491981
82501981
82511981
82521981
82531981
82541981
82551981
82561981
82571981
82581981
82591981
82601981
82611981
82621981
82631981
82641981
82651981
82661981
82671981
82681981
82691981
82701981
82711981
82721981
82731981
82741981
82751981
82761981
82771981
82781981
82791981
82801981
82811981
82821981
82831981
82841981
82851981
82861981
82871981
82881981
82891981
82901981
82911981
82921981
82931981
82941981
82951981
82961981
82971981
82981981
82991981
83001981
83011981
83021981
83031981
83041981
83051981
83061981
83071981
83081981
83091981
83101981
83111981
83121981
83131981
83141981
83151981
83161981
83171981
83181981
83191981
83201981
83211981
83221981
83231981
83241981
83251981
83261981
83271981
83281981
83291981
83301981
83311981
83321981
83331981
83341981
83351981
83361981
83371981
83381981
83391981
83401981
83411981
83421981
83431981
83441981
83451981
83461981
83471981
83481981
83491981
83501981
83511981
83521981
83531981
83541981
83551981
83561981
83571981
83581981
83591981
83601981
83611981
83621981
83631981
83641981
83651981
83661981
83671981
83681981
83691981
83701981
83711981
83721981
83731981
83741981
83751981
83761981
83771981
83781981
83791981
83801981
83811981
83821981
83831981
83841981
83851981
83861981
83871981
83881981
83891981
83901981
83911981
83921981
83931981
83941981
83951981
83961981
83971981
83981981
83991981
84001981
84011981
84021981
84031981
84041981
84051981
84061981
84071981
84081981
84091981
84101981
84111981
84121981
84131981
84141981
84151981
84161981
84171981
84181981
84191981
84201981
84211981
84221981
84231981
84241981
84251981
84261981
84271981
84281981
84291981
84301981
84311981
84321981
84331981
84341981
84351981
84361981
84371981
84381981
84391981
84401981
84411981
84421981
84431981
84441981
84451981
84461981
84471981
84481981
84491981
84501981
84511981
84521981
84531981
84541981
84551981
84561981
84571981
84581981
84591981
84601981
84611981
84621981
84631981
84641981
84651981
84661981
84671981
84681981
84691981
84701981
84711981
84721981
84731981
84741981
84751981
84761981
84771981
84781981
84791981
84801981
84811981
84821981
84831981
84841981
84851981
84861981
84871981
84881981
84891981
84901981
84911981
84921981
84931981
84941981
84951981
84961981
84971981
84981981
84991981
85001981
85011981
85021981
85031981
85041981
85051981
85061981
85071981
85081981
85091981
85101981
85111981
85121981
85131981
85141981
85151981
85161981
85171981
85181981
85191981
85201981
85211981
85221981
85231981
85241981
85251981
85261981
85271981
85281981
85291981
85301981
85311981
85321981
85331981
85341981
85351981
85361981
85371981
85381981
85391981
85401981
85411981
85421981
85431981
85441981
85451981
85461981
85471981
85481981
85491981
85501981
85511981
85521981
85531981
85541981
85551981
85561981
85571981
85581981
85591981
85601981
85611981
85621981
85631981
85641981
85651981
85661981
85671981
85681981
85691981
85701981
85711981
85721981
85731981
85741981
85751981
85761981
85771981
85781981
85791981
85801981
85811981
85821981
85831981
85841981
85851981
85861981
85871981
85881981
85891981
85901981
85911981
85921981
85931981
85941981
85951981
85961981
85971981
85981981
85991981
86001981
86011981
86021981
86031981
86041981
86051981
86061981
86071981
86081981
86091981
86101981
86111981
86121981
86131981
86141981
86151981
86161981
86171981
86181981
86191981
86201981
86211981
86221981
86231981
86241981
86251981
86261981
86271981
86281981
86291981
86301981
86311981
86321981
86331981
86341981
86351981
86361981
86371981
86381981
86391981
86401981
86411981
86421981
86431981
86441981
86451981
86461981
86471981
86481981
86491981
86501981
86511981
86521981
86531981
86541981
86551981
86561981
86571981
86581981
86591981
86601981
86611981
86621981
86631981
86641981
86651981
86661981
86671981
86681981
86691981
86701981
86711981
86721981
86731981
86741981
86751981
86761981
86771981
86781981
86791981
86801981
86811981
86821981
86831981
86841981
86851981
86861981
86871981
86881981
86891981
86901981
86911981
86921981
86931981
86941981
86951981
86961981
86971981
86981981
86991981
87001981
87011981
87021981
87031981
87041981
87051981
87061981
87071981
87081981
87091981
87101981
87111981
87121981
87131981
87141981
87151981
87161981
87171981
87181981
87191981
87201981
87211981
87221981
87231981
87241981
87251981
87261981
87271981
87281981
87291981
87301981
87311981
87321981
87331981
87341981
87351981
87361981
87371981
87381981
87391981
87401981
87411981
87421981
87431981
87441981
87451981
87461981
87471981
87481981
87491981
87501981
87511981
87521981
87531981
87541981
87551981
87561981
87571981
87581981
87591981
87601981
87611981
87621981
87631981
87641981
87651981
87661981
87671981
87681981
87691981
87701981
87711981
87721981
87731981
87741981
87751981
87761981
87771981
87781981
87791981
87801981
87811981
87821981
87831981
87841981
87851981
87861981
87871981
87881981
87891981
87901981
87911981
87921981
87931981
87941981
87951981
87961981
87971981
87981981
87991981
88001981
88011981
88021981
88031981
88041981
88051981
88061981
88071981
88081981
88091981
88101981
88111981
88121981
88131981
88141981
88151981
88161981
88171981
88181981
88191981
88201981
88211981
88221981
88231981
88241981
88251981
88261981
88271981
88281981
88291981
88301981
88311981
88321981
88331981
88341981
88351981
88361981
88371981
88381981
88391981
88401981
88411981
88421981
88431981
88441981
88451981
88461981
88471981
88481981
88491981
88501981
88511981
88521981
88531981
88541981
88551981
88561981
88571981
88581981
88591981
88601981
88611981
88621981
88631981
88641981
88651981
88661981
88671981
88681981
88691981
88701981
88711981
88721981
88731981
88741981
88751981
88761981
88771981
88781981
88791981
88801981
88811981
88821981
88831981
88841981
88851981
88861981
88871981
88881981
88891981
88901981
88911981
88921981
88931981
88941981
88951981
88961981
88971981
88981981
88991981
89001981
89011981
89021981
89031981
89041981
89051981
89061981
89071981
89081981
89091981
89101981
89111981
89121981
89131981
89141981
89151981
89161981
89171981
89181981
89191981
89201981
89211981
89221981
89231981
89241981
89251981
89261981
89271981
89281981
89291981
89301981
89311981
89321981
89331981
89341981
89351981
89361981
89371981
89381981
89391981
89401981
89411981
89421981
89431981
89441981
89451981
89461981
89471981
89481981
89491981
89501981
89511981
89521981
89531981
89541981
89551981
89561981
89571981
89581981
89591981
89601981
89611981
89621981
89631981
89641981
89651981
89661981
89671981
89681981
89691981
89701981
89711981
89721981
89731981
89741981
89751981
89761981
89771981
89781981
89791981
89801981
89811981
89821981
89831981
89841981
89851981
89861981
89871981
89881981
89891981
89901981
89911981
89921981
89931981
89941981
89951981
89961981
89971981
89981981
89991981
90001981
90011981
90021981
90031981
90041981
90051981
90061981
90071981
90081981
90091981
90101981
90111981
90121981
90131981
90141981
90151981
90161981
90171981
90181981
90191981
90201981
90211981
90221981
90231981
90241981
90251981
90261981
90271981
90281981
90291981
90301981
90311981
90321981
90331981
90341981
90351981
90361981
90371981
90381981
90391981
90401981
90411981
90421981
90431981
90441981
90451981
90461981
90471981
90481981
90491981
90501981
90511981
90521981
90531981
90541981
90551981
90561981
90571981
90581981
90591981
90601981
90611981
90621981
90631981
90641981
90651981
90661981
90671981
90681981
90691981
90701981
90711981
90721981
90731981
90741981
90751981
90761981
90771981
90781981
90791981
90801981
90811981
90821981
90831981
90841981
90851981
90861981
90871981
90881981
90891981
90901981
90911981
90921981
90931981
90941981
90951981
90961981
90971981
90981981
90991981
91001981
91011981
91021981
91031981
91041981
91051981
91061981
91071981
91081981
91091981
91101981
91111981
91121981
91131981
91141981
91151981
91161981
91171981
91181981
91191981
91201981
91211981
91221981
91231981
91241981
91251981
91261981
91271981
91281981
91291981
91301981
91311981
91321981
91331981
91341981
91351981
91361981
91371981
91381981
91391981
91401981
91411981
91421981
91431981
91441981
91451981
91461981
91471981
91481981
91491981
91501981
91511981
91521981
91531981
91541981
91551981
91561981
91571981
91581981
91591981
91601981
91611981
91621981
91631981
91641981
91651981
91661981
91671981
91681981
91691981
91701981
91711981
91721981
91731981
91741981
91751981
91761981
91771981
91781981
91791981
91801981
91811981
91821981
91831981
91841981
91851981
91861981
91871981
91881981
91891981
91901981
91911981
91921981
91931981
91941981
91951981
91961981
91971981
91981981
91991981
92001981
92011981
92021981
92031981
92041981
92051981
92061981
92071981
92081981
92091981
92101981
92111981
92121981
92131981
92141981
92151981
92161981
92171981
92181981
92191981
92201981
92211981
92221981
92231981
92241981
92251981
92261981
92271981
92281981
92291981
92301981
92311981
92321981
92331981
92341981
92351981
92361981
92371981
92381981
92391981
92401981
92411981
92421981
92431981
92441981
92451981
92461981
92471981
92481981
92491981
92501981
92511981
92521981
92531981
92541981
92551981
92561981
92571981
92581981
92591981
92601981
92611981
92621981
92631981
92641981
92651981
92661981
92671981
92681981
92691981
92701981
92711981
92721981
92731981
92741981
92751981
92761981
92771981
92781981
92791981
92801981
92811981
92821981
92831981
92841981
92851981
92861981
92871981
92881981
92891981
92901981
92911981
92921981
92931981
92941981
92951981
92961981
92971981
92981981
92991981
93001981
93011981
93021981
93031981
93041981
93051981
93061981
93071981
93081981
93091981
93101981
93111981
93121981
93131981
93141981
93151981
93161981
93171981
93181981
93191981
93201981
93211981
93221981
93231981
93241981
93251981
93261981
93271981
93281981
93291981
93301981
93311981
93321981
93331981
93341981
93351981
93361981
93371981
93381981
93391981
93401981
93411981
93421981
93431981
93441981
93451981
93461981
93471981
93481981
93491981
93501981
93511981
93521981
93531981
93541981
93551981
93561981
93571981
93581981
93591981
93601981
93611981
93621981
93631981
93641981
93651981
93661981
93671981
93681981
93691981
93701981
93711981
93721981
93731981
93741981
93751981
93761981
93771981
93781981
93791981
93801981
93811981
93821981
93831981
93841981
93851981
93861981
93871981
93881981
93891981
93901981
93911981
93921981
93931981
93941981
93951981
93961981
93971981
93981981
93991981
94001981
94011981
94021981
94031981
94041981
94051981
94061981
94071981
94081981
94091981
94101981
94111981
94121981
94131981
94141981
94151981
94161981
94171981
94181981
94191981
94201981
94211981
94221981
94231981
94241981
94251981
94261981
94271981
94281981
94291981
94301981
94311981
94321981
94331981
94341981
94351981
94361981
94371981
94381981
94391981
94401981
94411981
94421981
94431981
94441981
94451981
94461981
94471981
94481981
94491981
94501981
94511981
94521981
94531981
94541981
94551981
94561981
94571981
94581981
94591981
94601981
94611981
94621981
94631981
94641981
94651981
94661981
94671981
94681981
94691981
94701981
94711981
94721981
94731981
94741981
94751981
94761981
94771981
94781981
94791981
94801981
94811981
94821981
94831981
94841981
94851981
94861981
94871981
94881981
94891981
94901981
94911981
94921981
94931981
94941981
94951981
94961981
94971981
94981981
94991981
95001981
95011981
95021981
95031981
95041981
95051981
95061981
95071981
95081981
95091981
95101981
95111981
95121981
95131981
95141981
95151981
95161981
95171981
95181981
95191981
95201981
95211981
95221981
95231981
95241981
95251981
95261981
95271981
95281981
95291981
95301981
95311981
95321981
95331981
95341981
95351981
95361981
95371981
95381981
95391981
95401981
95411981
95421981
95431981
95441981
95451981
95461981
95471981
95481981
95491981
95501981
95511981
95521981
95531981
95541981
95551981
95561981
95571981
95581981
95591981
95601981
95611981
95621981
95631981
95641981
95651981
95661981
95671981
95681981
95691981
95701981
95711981
95721981
95731981
95741981
95751981
95761981
95771981
95781981
95791981
95801981
95811981
95821981
95831981
95841981
95851981
95861981
95871981
95881981
95891981
95901981
95911981
95921981
95931981
95941981
95951981
95961981
95971981
95981981
95991981
96001981
96011981
96021981
96031981
96041981
96051981
96061981
96071981
96081981
96091981
96101981
96111981
96121981
96131981
96141981
96151981
96161981
96171981
96181981
96191981
96201981
96211981
96221981
96231981
96241981
96251981
96261981
96271981
96281981
96291981
96301981
96311981
96321981
96331981
96341981
96351981
96361981
96371981
96381981
96391981
96401981
96411981
96421981
96431981
96441981
96451981
96461981
96471981
96481981
96491981
96501981
96511981
96521981
96531981
96541981
96551981
96561981
96571981
96581981
96591981
96601981
96611981
96621981
96631981
96641981
96651981
96661981
96671981
96681981
96691981
96701981
96711981
96721981
96731981
96741981
96751981
96761981
96771981
96781981
96791981
96801981
96811981
96821981
96831981
96841981
96851981
96861981
96871981
96881981
96891981
96901981
96911981
96921981
96931981
96941981
96951981
96961981
96971981
96981981
96991981
97001981
97011981
97021981
97031981
97041981
97051981
97061981
97071981
97081981
97091981
97101981
97111981
97121981
97131981
97141981
97151981
97161981
97171981
97181981
97191981
97201981
97211981
97221981
97231981
97241981
97251981
97261981
97271981
97281981
97291981
97301981
97311981
97321981
97331981
97341981
97351981
97361981
97371981
97381981
97391981
97401981
97411981
97421981
97431981
97441981
97451981
97461981
97471981
97481981
97491981
97501981
97511981
97521981
97531981
97541981
97551981
97561981
97571981
97581981
97591981
97601981
97611981
97621981
97631981
97641981
97651981
97661981
97671981
97681981
97691981
97701981
97711981
97721981
97731981
97741981
97751981
97761981
97771981
97781981
97791981
97801981
97811981
97821981
97831981
97841981
97851981
97861981
97871981
97881981
97891981
97901981
97911981
97921981
97931981
97941981
97951981
97961981
97971981
97981981
97991981
98001981
98011981
98021981
98031981
98041981
98051981
98061981
98071981
98081981
98091981
98101981
98111981
98121981
98131981
98141981
98151981
98161981
98171981
98181981
98191981
98201981
98211981
98221981
98231981
98241981
98251981
98261981
98271981
98281981
98291981
98301981
98311981
98321981
98331981
98341981
98351981
98361981
98371981
98381981
98391981
98401981
98411981
98421981
98431981
98441981
98451981
98461981
98471981
98481981
98491981
98501981
98511981
98521981
98531981
98541981
98551981
98561981
98571981
98581981
98591981
98601981
98611981
98621981
98631981
98641981
98651981
98661981
98671981
98681981
98691981
98701981
98711981
98721981
98731981
98741981
98751981
98761981
98771981
98781981
98791981
98801981
98811981
98821981
98831981
98841981
98851981
98861981
98871981
98881981
98891981
98901981
98911981
98921981
98931981
98941981
98951981
98961981
98971981
98981981
98991981
99001981
99011981
99021981
99031981
99041981
99051981
99061981
99071981
99081981
99091981
99101981
99111981
99121981
99131981
99141981
99151981
99161981
99171981
99181981
99191981
99201981
99211981
99221981
99231981
99241981
99251981
99261981
99271981
99281981
99291981
99301981
99311981
99321981
99331981
99341981
99351981
99361981
99371981
99381981
99391981
99401981
99411981
99421981
99431981
99441981
99451981
99461981
99471981
99481981
99491981
99501981
99511981
99521981
99531981
99541981
99551981
99561981
99571981
99581981
99591981
99601981
99611981
99621981
99631981
99641981
99651981
99661981
99671981
99681981
99691981
99701981
99711981
99721981
99731981
99741981
99751981
99761981
99771981
99781981
99791981
99801981
99811981
99821981
99831981
99841981
99851981
99861981
99871981
99881981
99891981
99901981
99911981
99921981
99931981
99941981
99951981
99961981
99971981
99981981
99991981
