00001980
00011980
00021980
00031980
00041980
00051980
00061980
00071980
00081980
00091980
00101980
00111980
00121980
00131980
00141980
00151980
00161980
00171980
00181980
00191980
00201980
00211980
00221980
00231980
00241980
00251980
00261980
00271980
00281980
00291980
00301980
00311980
00321980
00331980
00341980
00351980
00361980
00371980
00381980
00391980
00401980
00411980
00421980
00431980
00441980
00451980
00461980
00471980
00481980
00491980
00501980
00511980
00521980
00531980
00541980
00551980
00561980
00571980
00581980
00591980
00601980
00611980
00621980
00631980
00641980
00651980
00661980
00671980
00681980
00691980
00701980
00711980
00721980
00731980
00741980
00751980
00761980
00771980
00781980
00791980
00801980
00811980
00821980
00831980
00841980
00851980
00861980
00871980
00881980
00891980
00901980
00911980
00921980
00931980
00941980
00951980
00961980
00971980
00981980
00991980
01001980
01011980
01021980
01031980
01041980
01051980
01061980
01071980
01081980
01091980
01101980
01111980
01121980
01131980
01141980
01151980
01161980
01171980
01181980
01191980
01201980
01211980
01221980
01231980
01241980
01251980
01261980
01271980
01281980
01291980
01301980
01311980
01321980
01331980
01341980
01351980
01361980
01371980
01381980
01391980
01401980
01411980
01421980
01431980
01441980
01451980
01461980
01471980
01481980
01491980
01501980
01511980
01521980
01531980
01541980
01551980
01561980
01571980
01581980
01591980
01601980
01611980
01621980
01631980
01641980
01651980
01661980
01671980
01681980
01691980
01701980
01711980
01721980
01731980
01741980
01751980
01761980
01771980
01781980
01791980
01801980
01811980
01821980
01831980
01841980
01851980
01861980
01871980
01881980
01891980
01901980
01911980
01921980
01931980
01941980
01951980
01961980
01971980
01981980
01991980
02001980
02011980
02021980
02031980
02041980
02051980
02061980
02071980
02081980
02091980
02101980
02111980
02121980
02131980
02141980
02151980
02161980
02171980
02181980
02191980
02201980
02211980
02221980
02231980
02241980
02251980
02261980
02271980
02281980
02291980
02301980
02311980
02321980
02331980
02341980
02351980
02361980
02371980
02381980
02391980
02401980
02411980
02421980
02431980
02441980
02451980
02461980
02471980
02481980
02491980
02501980
02511980
02521980
02531980
02541980
02551980
02561980
02571980
02581980
02591980
02601980
02611980
02621980
02631980
02641980
02651980
02661980
02671980
02681980
02691980
02701980
02711980
02721980
02731980
02741980
02751980
02761980
02771980
02781980
02791980
02801980
02811980
02821980
02831980
02841980
02851980
02861980
02871980
02881980
02891980
02901980
02911980
02921980
02931980
02941980
02951980
02961980
02971980
02981980
02991980
03001980
03011980
03021980
03031980
03041980
03051980
03061980
03071980
03081980
03091980
03101980
03111980
03121980
03131980
03141980
03151980
03161980
03171980
03181980
03191980
03201980
03211980
03221980
03231980
03241980
03251980
03261980
03271980
03281980
03291980
03301980
03311980
03321980
03331980
03341980
03351980
03361980
03371980
03381980
03391980
03401980
03411980
03421980
03431980
03441980
03451980
03461980
03471980
03481980
03491980
03501980
03511980
03521980
03531980
03541980
03551980
03561980
03571980
03581980
03591980
03601980
03611980
03621980
03631980
03641980
03651980
03661980
03671980
03681980
03691980
03701980
03711980
03721980
03731980
03741980
03751980
03761980
03771980
03781980
03791980
03801980
03811980
03821980
03831980
03841980
03851980
03861980
03871980
03881980
03891980
03901980
03911980
03921980
03931980
03941980
03951980
03961980
03971980
03981980
03991980
04001980
04011980
04021980
04031980
04041980
04051980
04061980
04071980
04081980
04091980
04101980
04111980
04121980
04131980
04141980
04151980
04161980
04171980
04181980
04191980
04201980
04211980
04221980
04231980
04241980
04251980
04261980
04271980
04281980
04291980
04301980
04311980
04321980
04331980
04341980
04351980
04361980
04371980
04381980
04391980
04401980
04411980
04421980
04431980
04441980
04451980
04461980
04471980
04481980
04491980
04501980
04511980
04521980
04531980
04541980
04551980
04561980
04571980
04581980
04591980
04601980
04611980
04621980
04631980
04641980
04651980
04661980
04671980
04681980
04691980
04701980
04711980
04721980
04731980
04741980
04751980
04761980
04771980
04781980
04791980
04801980
04811980
04821980
04831980
04841980
04851980
04861980
04871980
04881980
04891980
04901980
04911980
04921980
04931980
04941980
04951980
04961980
04971980
04981980
04991980
05001980
05011980
05021980
05031980
05041980
05051980
05061980
05071980
05081980
05091980
05101980
05111980
05121980
05131980
05141980
05151980
05161980
05171980
05181980
05191980
05201980
05211980
05221980
05231980
05241980
05251980
05261980
05271980
05281980
05291980
05301980
05311980
05321980
05331980
05341980
05351980
05361980
05371980
05381980
05391980
05401980
05411980
05421980
05431980
05441980
05451980
05461980
05471980
05481980
05491980
05501980
05511980
05521980
05531980
05541980
05551980
05561980
05571980
05581980
05591980
05601980
05611980
05621980
05631980
05641980
05651980
05661980
05671980
05681980
05691980
05701980
05711980
05721980
05731980
05741980
05751980
05761980
05771980
05781980
05791980
05801980
05811980
05821980
05831980
05841980
05851980
05861980
05871980
05881980
05891980
05901980
05911980
05921980
05931980
05941980
05951980
05961980
05971980
05981980
05991980
06001980
06011980
06021980
06031980
06041980
06051980
06061980
06071980
06081980
06091980
06101980
06111980
06121980
06131980
06141980
06151980
06161980
06171980
06181980
06191980
06201980
06211980
06221980
06231980
06241980
06251980
06261980
06271980
06281980
06291980
06301980
06311980
06321980
06331980
06341980
06351980
06361980
06371980
06381980
06391980
06401980
06411980
06421980
06431980
06441980
06451980
06461980
06471980
06481980
06491980
06501980
06511980
06521980
06531980
06541980
06551980
06561980
06571980
06581980
06591980
06601980
06611980
06621980
06631980
06641980
06651980
06661980
06671980
06681980
06691980
06701980
06711980
06721980
06731980
06741980
06751980
06761980
06771980
06781980
06791980
06801980
06811980
06821980
06831980
06841980
06851980
06861980
06871980
06881980
06891980
06901980
06911980
06921980
06931980
06941980
06951980
06961980
06971980
06981980
06991980
07001980
07011980
07021980
07031980
07041980
07051980
07061980
07071980
07081980
07091980
07101980
07111980
07121980
07131980
07141980
07151980
07161980
07171980
07181980
07191980
07201980
07211980
07221980
07231980
07241980
07251980
07261980
07271980
07281980
07291980
07301980
07311980
07321980
07331980
07341980
07351980
07361980
07371980
07381980
07391980
07401980
07411980
07421980
07431980
07441980
07451980
07461980
07471980
07481980
07491980
07501980
07511980
07521980
07531980
07541980
07551980
07561980
07571980
07581980
07591980
07601980
07611980
07621980
07631980
07641980
07651980
07661980
07671980
07681980
07691980
07701980
07711980
07721980
07731980
07741980
07751980
07761980
07771980
07781980
07791980
07801980
07811980
07821980
07831980
07841980
07851980
07861980
07871980
07881980
07891980
07901980
07911980
07921980
07931980
07941980
07951980
07961980
07971980
07981980
07991980
08001980
08011980
08021980
08031980
08041980
08051980
08061980
08071980
08081980
08091980
08101980
08111980
08121980
08131980
08141980
08151980
08161980
08171980
08181980
08191980
08201980
08211980
08221980
08231980
08241980
08251980
08261980
08271980
08281980
08291980
08301980
08311980
08321980
08331980
08341980
08351980
08361980
08371980
08381980
08391980
08401980
08411980
08421980
08431980
08441980
08451980
08461980
08471980
08481980
08491980
08501980
08511980
08521980
08531980
08541980
08551980
08561980
08571980
08581980
08591980
08601980
08611980
08621980
08631980
08641980
08651980
08661980
08671980
08681980
08691980
08701980
08711980
08721980
08731980
08741980
08751980
08761980
08771980
08781980
08791980
08801980
08811980
08821980
08831980
08841980
08851980
08861980
08871980
08881980
08891980
08901980
08911980
08921980
08931980
08941980
08951980
08961980
08971980
08981980
08991980
09001980
09011980
09021980
09031980
09041980
09051980
09061980
09071980
09081980
09091980
09101980
09111980
09121980
09131980
09141980
09151980
09161980
09171980
09181980
09191980
09201980
09211980
09221980
09231980
09241980
09251980
09261980
09271980
09281980
09291980
09301980
09311980
09321980
09331980
09341980
09351980
09361980
09371980
09381980
09391980
09401980
09411980
09421980
09431980
09441980
09451980
09461980
09471980
09481980
09491980
09501980
09511980
09521980
09531980
09541980
09551980
09561980
09571980
09581980
09591980
09601980
09611980
09621980
09631980
09641980
09651980
09661980
09671980
09681980
09691980
09701980
09711980
09721980
09731980
09741980
09751980
09761980
09771980
09781980
09791980
09801980
09811980
09821980
09831980
09841980
09851980
09861980
09871980
09881980
09891980
09901980
09911980
09921980
09931980
09941980
09951980
09961980
09971980
09981980
09991980
10001980
10011980
10021980
10031980
10041980
10051980
10061980
10071980
10081980
10091980
10101980
10111980
10121980
10131980
10141980
10151980
10161980
10171980
10181980
10191980
10201980
10211980
10221980
10231980
10241980
10251980
10261980
10271980
10281980
10291980
10301980
10311980
10321980
10331980
10341980
10351980
10361980
10371980
10381980
10391980
10401980
10411980
10421980
10431980
10441980
10451980
10461980
10471980
10481980
10491980
10501980
10511980
10521980
10531980
10541980
10551980
10561980
10571980
10581980
10591980
10601980
10611980
10621980
10631980
10641980
10651980
10661980
10671980
10681980
10691980
10701980
10711980
10721980
10731980
10741980
10751980
10761980
10771980
10781980
10791980
10801980
10811980
10821980
10831980
10841980
10851980
10861980
10871980
10881980
10891980
10901980
10911980
10921980
10931980
10941980
10951980
10961980
10971980
10981980
10991980
11001980
11011980
11021980
11031980
11041980
11051980
11061980
11071980
11081980
11091980
11101980
11111980
11121980
11131980
11141980
11151980
11161980
11171980
11181980
11191980
11201980
11211980
11221980
11231980
11241980
11251980
11261980
11271980
11281980
11291980
11301980
11311980
11321980
11331980
11341980
11351980
11361980
11371980
11381980
11391980
11401980
11411980
11421980
11431980
11441980
11451980
11461980
11471980
11481980
11491980
11501980
11511980
11521980
11531980
11541980
11551980
11561980
11571980
11581980
11591980
11601980
11611980
11621980
11631980
11641980
11651980
11661980
11671980
11681980
11691980
11701980
11711980
11721980
11731980
11741980
11751980
11761980
11771980
11781980
11791980
11801980
11811980
11821980
11831980
11841980
11851980
11861980
11871980
11881980
11891980
11901980
11911980
11921980
11931980
11941980
11951980
11961980
11971980
11981980
11991980
12001980
12011980
12021980
12031980
12041980
12051980
12061980
12071980
12081980
12091980
12101980
12111980
12121980
12131980
12141980
12151980
12161980
12171980
12181980
12191980
12201980
12211980
12221980
12231980
12241980
12251980
12261980
12271980
12281980
12291980
12301980
12311980
12321980
12331980
12341980
12351980
12361980
12371980
12381980
12391980
12401980
12411980
12421980
12431980
12441980
12451980
12461980
12471980
12481980
12491980
12501980
12511980
12521980
12531980
12541980
12551980
12561980
12571980
12581980
12591980
12601980
12611980
12621980
12631980
12641980
12651980
12661980
12671980
12681980
12691980
12701980
12711980
12721980
12731980
12741980
12751980
12761980
12771980
12781980
12791980
12801980
12811980
12821980
12831980
12841980
12851980
12861980
12871980
12881980
12891980
12901980
12911980
12921980
12931980
12941980
12951980
12961980
12971980
12981980
12991980
13001980
13011980
13021980
13031980
13041980
13051980
13061980
13071980
13081980
13091980
13101980
13111980
13121980
13131980
13141980
13151980
13161980
13171980
13181980
13191980
13201980
13211980
13221980
13231980
13241980
13251980
13261980
13271980
13281980
13291980
13301980
13311980
13321980
13331980
13341980
13351980
13361980
13371980
13381980
13391980
13401980
13411980
13421980
13431980
13441980
13451980
13461980
13471980
13481980
13491980
13501980
13511980
13521980
13531980
13541980
13551980
13561980
13571980
13581980
13591980
13601980
13611980
13621980
13631980
13641980
13651980
13661980
13671980
13681980
13691980
13701980
13711980
13721980
13731980
13741980
13751980
13761980
13771980
13781980
13791980
13801980
13811980
13821980
13831980
13841980
13851980
13861980
13871980
13881980
13891980
13901980
13911980
13921980
13931980
13941980
13951980
13961980
13971980
13981980
13991980
14001980
14011980
14021980
14031980
14041980
14051980
14061980
14071980
14081980
14091980
14101980
14111980
14121980
14131980
14141980
14151980
14161980
14171980
14181980
14191980
14201980
14211980
14221980
14231980
14241980
14251980
14261980
14271980
14281980
14291980
14301980
14311980
14321980
14331980
14341980
14351980
14361980
14371980
14381980
14391980
14401980
14411980
14421980
14431980
14441980
14451980
14461980
14471980
14481980
14491980
14501980
14511980
14521980
14531980
14541980
14551980
14561980
14571980
14581980
14591980
14601980
14611980
14621980
14631980
14641980
14651980
14661980
14671980
14681980
14691980
14701980
14711980
14721980
14731980
14741980
14751980
14761980
14771980
14781980
14791980
14801980
14811980
14821980
14831980
14841980
14851980
14861980
14871980
14881980
14891980
14901980
14911980
14921980
14931980
14941980
14951980
14961980
14971980
14981980
14991980
15001980
15011980
15021980
15031980
15041980
15051980
15061980
15071980
15081980
15091980
15101980
15111980
15121980
15131980
15141980
15151980
15161980
15171980
15181980
15191980
15201980
15211980
15221980
15231980
15241980
15251980
15261980
15271980
15281980
15291980
15301980
15311980
15321980
15331980
15341980
15351980
15361980
15371980
15381980
15391980
15401980
15411980
15421980
15431980
15441980
15451980
15461980
15471980
15481980
15491980
15501980
15511980
15521980
15531980
15541980
15551980
15561980
15571980
15581980
15591980
15601980
15611980
15621980
15631980
15641980
15651980
15661980
15671980
15681980
15691980
15701980
15711980
15721980
15731980
15741980
15751980
15761980
15771980
15781980
15791980
15801980
15811980
15821980
15831980
15841980
15851980
15861980
15871980
15881980
15891980
15901980
15911980
15921980
15931980
15941980
15951980
15961980
15971980
15981980
15991980
16001980
16011980
16021980
16031980
16041980
16051980
16061980
16071980
16081980
16091980
16101980
16111980
16121980
16131980
16141980
16151980
16161980
16171980
16181980
16191980
16201980
16211980
16221980
16231980
16241980
16251980
16261980
16271980
16281980
16291980
16301980
16311980
16321980
16331980
16341980
16351980
16361980
16371980
16381980
16391980
16401980
16411980
16421980
16431980
16441980
16451980
16461980
16471980
16481980
16491980
16501980
16511980
16521980
16531980
16541980
16551980
16561980
16571980
16581980
16591980
16601980
16611980
16621980
16631980
16641980
16651980
16661980
16671980
16681980
16691980
16701980
16711980
16721980
16731980
16741980
16751980
16761980
16771980
16781980
16791980
16801980
16811980
16821980
16831980
16841980
16851980
16861980
16871980
16881980
16891980
16901980
16911980
16921980
16931980
16941980
16951980
16961980
16971980
16981980
16991980
17001980
17011980
17021980
17031980
17041980
17051980
17061980
17071980
17081980
17091980
17101980
17111980
17121980
17131980
17141980
17151980
17161980
17171980
17181980
17191980
17201980
17211980
17221980
17231980
17241980
17251980
17261980
17271980
17281980
17291980
17301980
17311980
17321980
17331980
17341980
17351980
17361980
17371980
17381980
17391980
17401980
17411980
17421980
17431980
17441980
17451980
17461980
17471980
17481980
17491980
17501980
17511980
17521980
17531980
17541980
17551980
17561980
17571980
17581980
17591980
17601980
17611980
17621980
17631980
17641980
17651980
17661980
17671980
17681980
17691980
17701980
17711980
17721980
17731980
17741980
17751980
17761980
17771980
17781980
17791980
17801980
17811980
17821980
17831980
17841980
17851980
17861980
17871980
17881980
17891980
17901980
17911980
17921980
17931980
17941980
17951980
17961980
17971980
17981980
17991980
18001980
18011980
18021980
18031980
18041980
18051980
18061980
18071980
18081980
18091980
18101980
18111980
18121980
18131980
18141980
18151980
18161980
18171980
18181980
18191980
18201980
18211980
18221980
18231980
18241980
18251980
18261980
18271980
18281980
18291980
18301980
18311980
18321980
18331980
18341980
18351980
18361980
18371980
18381980
18391980
18401980
18411980
18421980
18431980
18441980
18451980
18461980
18471980
18481980
18491980
18501980
18511980
18521980
18531980
18541980
18551980
18561980
18571980
18581980
18591980
18601980
18611980
18621980
18631980
18641980
18651980
18661980
18671980
18681980
18691980
18701980
18711980
18721980
18731980
18741980
18751980
18761980
18771980
18781980
18791980
18801980
18811980
18821980
18831980
18841980
18851980
18861980
18871980
18881980
18891980
18901980
18911980
18921980
18931980
18941980
18951980
18961980
18971980
18981980
18991980
19001980
19011980
19021980
19031980
19041980
19051980
19061980
19071980
19081980
19091980
19101980
19111980
19121980
19131980
19141980
19151980
19161980
19171980
19181980
19191980
19201980
19211980
19221980
19231980
19241980
19251980
19261980
19271980
19281980
19291980
19301980
19311980
19321980
19331980
19341980
19351980
19361980
19371980
19381980
19391980
19401980
19411980
19421980
19431980
19441980
19451980
19461980
19471980
19481980
19491980
19501980
19511980
19521980
19531980
19541980
19551980
19561980
19571980
19581980
19591980
19601980
19611980
19621980
19631980
19641980
19651980
19661980
19671980
19681980
19691980
19701980
19711980
19721980
19731980
19741980
19751980
19761980
19771980
19781980
19791980
19801980
19811980
19821980
19831980
19841980
19851980
19861980
19871980
19881980
19891980
19901980
19911980
19921980
19931980
19941980
19951980
19961980
19971980
19981980
19991980
20001980
20011980
20021980
20031980
20041980
20051980
20061980
20071980
20081980
20091980
20101980
20111980
20121980
20131980
20141980
20151980
20161980
20171980
20181980
20191980
20201980
20211980
20221980
20231980
20241980
20251980
20261980
20271980
20281980
20291980
20301980
20311980
20321980
20331980
20341980
20351980
20361980
20371980
20381980
20391980
20401980
20411980
20421980
20431980
20441980
20451980
20461980
20471980
20481980
20491980
20501980
20511980
20521980
20531980
20541980
20551980
20561980
20571980
20581980
20591980
20601980
20611980
20621980
20631980
20641980
20651980
20661980
20671980
20681980
20691980
20701980
20711980
20721980
20731980
20741980
20751980
20761980
20771980
20781980
20791980
20801980
20811980
20821980
20831980
20841980
20851980
20861980
20871980
20881980
20891980
20901980
20911980
20921980
20931980
20941980
20951980
20961980
20971980
20981980
20991980
21001980
21011980
21021980
21031980
21041980
21051980
21061980
21071980
21081980
21091980
21101980
21111980
21121980
21131980
21141980
21151980
21161980
21171980
21181980
21191980
21201980
21211980
21221980
21231980
21241980
21251980
21261980
21271980
21281980
21291980
21301980
21311980
21321980
21331980
21341980
21351980
21361980
21371980
21381980
21391980
21401980
21411980
21421980
21431980
21441980
21451980
21461980
21471980
21481980
21491980
21501980
21511980
21521980
21531980
21541980
21551980
21561980
21571980
21581980
21591980
21601980
21611980
21621980
21631980
21641980
21651980
21661980
21671980
21681980
21691980
21701980
21711980
21721980
21731980
21741980
21751980
21761980
21771980
21781980
21791980
21801980
21811980
21821980
21831980
21841980
21851980
21861980
21871980
21881980
21891980
21901980
21911980
21921980
21931980
21941980
21951980
21961980
21971980
21981980
21991980
22001980
22011980
22021980
22031980
22041980
22051980
22061980
22071980
22081980
22091980
22101980
22111980
22121980
22131980
22141980
22151980
22161980
22171980
22181980
22191980
22201980
22211980
22221980
22231980
22241980
22251980
22261980
22271980
22281980
22291980
22301980
22311980
22321980
22331980
22341980
22351980
22361980
22371980
22381980
22391980
22401980
22411980
22421980
22431980
22441980
22451980
22461980
22471980
22481980
22491980
22501980
22511980
22521980
22531980
22541980
22551980
22561980
22571980
22581980
22591980
22601980
22611980
22621980
22631980
22641980
22651980
22661980
22671980
22681980
22691980
22701980
22711980
22721980
22731980
22741980
22751980
22761980
22771980
22781980
22791980
22801980
22811980
22821980
22831980
22841980
22851980
22861980
22871980
22881980
22891980
22901980
22911980
22921980
22931980
22941980
22951980
22961980
22971980
22981980
22991980
23001980
23011980
23021980
23031980
23041980
23051980
23061980
23071980
23081980
23091980
23101980
23111980
23121980
23131980
23141980
23151980
23161980
23171980
23181980
23191980
23201980
23211980
23221980
23231980
23241980
23251980
23261980
23271980
23281980
23291980
23301980
23311980
23321980
23331980
23341980
23351980
23361980
23371980
23381980
23391980
23401980
23411980
23421980
23431980
23441980
23451980
23461980
23471980
23481980
23491980
23501980
23511980
23521980
23531980
23541980
23551980
23561980
23571980
23581980
23591980
23601980
23611980
23621980
23631980
23641980
23651980
23661980
23671980
23681980
23691980
23701980
23711980
23721980
23731980
23741980
23751980
23761980
23771980
23781980
23791980
23801980
23811980
23821980
23831980
23841980
23851980
23861980
23871980
23881980
23891980
23901980
23911980
23921980
23931980
23941980
23951980
23961980
23971980
23981980
23991980
24001980
24011980
24021980
24031980
24041980
24051980
24061980
24071980
24081980
24091980
24101980
24111980
24121980
24131980
24141980
24151980
24161980
24171980
24181980
24191980
24201980
24211980
24221980
24231980
24241980
24251980
24261980
24271980
24281980
24291980
24301980
24311980
24321980
24331980
24341980
24351980
24361980
24371980
24381980
24391980
24401980
24411980
24421980
24431980
24441980
24451980
24461980
24471980
24481980
24491980
24501980
24511980
24521980
24531980
24541980
24551980
24561980
24571980
24581980
24591980
24601980
24611980
24621980
24631980
24641980
24651980
24661980
24671980
24681980
24691980
24701980
24711980
24721980
24731980
24741980
24751980
24761980
24771980
24781980
24791980
24801980
24811980
24821980
24831980
24841980
24851980
24861980
24871980
24881980
24891980
24901980
24911980
24921980
24931980
24941980
24951980
24961980
24971980
24981980
24991980
25001980
25011980
25021980
25031980
25041980
25051980
25061980
25071980
25081980
25091980
25101980
25111980
25121980
25131980
25141980
25151980
25161980
25171980
25181980
25191980
25201980
25211980
25221980
25231980
25241980
25251980
25261980
25271980
25281980
25291980
25301980
25311980
25321980
25331980
25341980
25351980
25361980
25371980
25381980
25391980
25401980
25411980
25421980
25431980
25441980
25451980
25461980
25471980
25481980
25491980
25501980
25511980
25521980
25531980
25541980
25551980
25561980
25571980
25581980
25591980
25601980
25611980
25621980
25631980
25641980
25651980
25661980
25671980
25681980
25691980
25701980
25711980
25721980
25731980
25741980
25751980
25761980
25771980
25781980
25791980
25801980
25811980
25821980
25831980
25841980
25851980
25861980
25871980
25881980
25891980
25901980
25911980
25921980
25931980
25941980
25951980
25961980
25971980
25981980
25991980
26001980
26011980
26021980
26031980
26041980
26051980
26061980
26071980
26081980
26091980
26101980
26111980
26121980
26131980
26141980
26151980
26161980
26171980
26181980
26191980
26201980
26211980
26221980
26231980
26241980
26251980
26261980
26271980
26281980
26291980
26301980
26311980
26321980
26331980
26341980
26351980
26361980
26371980
26381980
26391980
26401980
26411980
26421980
26431980
26441980
26451980
26461980
26471980
26481980
26491980
26501980
26511980
26521980
26531980
26541980
26551980
26561980
26571980
26581980
26591980
26601980
26611980
26621980
26631980
26641980
26651980
26661980
26671980
26681980
26691980
26701980
26711980
26721980
26731980
26741980
26751980
26761980
26771980
26781980
26791980
26801980
26811980
26821980
26831980
26841980
26851980
26861980
26871980
26881980
26891980
26901980
26911980
26921980
26931980
26941980
26951980
26961980
26971980
26981980
26991980
27001980
27011980
27021980
27031980
27041980
27051980
27061980
27071980
27081980
27091980
27101980
27111980
27121980
27131980
27141980
27151980
27161980
27171980
27181980
27191980
27201980
27211980
27221980
27231980
27241980
27251980
27261980
27271980
27281980
27291980
27301980
27311980
27321980
27331980
27341980
27351980
27361980
27371980
27381980
27391980
27401980
27411980
27421980
27431980
27441980
27451980
27461980
27471980
27481980
27491980
27501980
27511980
27521980
27531980
27541980
27551980
27561980
27571980
27581980
27591980
27601980
27611980
27621980
27631980
27641980
27651980
27661980
27671980
27681980
27691980
27701980
27711980
27721980
27731980
27741980
27751980
27761980
27771980
27781980
27791980
27801980
27811980
27821980
27831980
27841980
27851980
27861980
27871980
27881980
27891980
27901980
27911980
27921980
27931980
27941980
27951980
27961980
27971980
27981980
27991980
28001980
28011980
28021980
28031980
28041980
28051980
28061980
28071980
28081980
28091980
28101980
28111980
28121980
28131980
28141980
28151980
28161980
28171980
28181980
28191980
28201980
28211980
28221980
28231980
28241980
28251980
28261980
28271980
28281980
28291980
28301980
28311980
28321980
28331980
28341980
28351980
28361980
28371980
28381980
28391980
28401980
28411980
28421980
28431980
28441980
28451980
28461980
28471980
28481980
28491980
28501980
28511980
28521980
28531980
28541980
28551980
28561980
28571980
28581980
28591980
28601980
28611980
28621980
28631980
28641980
28651980
28661980
28671980
28681980
28691980
28701980
28711980
28721980
28731980
28741980
28751980
28761980
28771980
28781980
28791980
28801980
28811980
28821980
28831980
28841980
28851980
28861980
28871980
28881980
28891980
28901980
28911980
28921980
28931980
28941980
28951980
28961980
28971980
28981980
28991980
29001980
29011980
29021980
29031980
29041980
29051980
29061980
29071980
29081980
29091980
29101980
29111980
29121980
29131980
29141980
29151980
29161980
29171980
29181980
29191980
29201980
29211980
29221980
29231980
29241980
29251980
29261980
29271980
29281980
29291980
29301980
29311980
29321980
29331980
29341980
29351980
29361980
29371980
29381980
29391980
29401980
29411980
29421980
29431980
29441980
29451980
29461980
29471980
29481980
29491980
29501980
29511980
29521980
29531980
29541980
29551980
29561980
29571980
29581980
29591980
29601980
29611980
29621980
29631980
29641980
29651980
29661980
29671980
29681980
29691980
29701980
29711980
29721980
29731980
29741980
29751980
29761980
29771980
29781980
29791980
29801980
29811980
29821980
29831980
29841980
29851980
29861980
29871980
29881980
29891980
29901980
29911980
29921980
29931980
29941980
29951980
29961980
29971980
29981980
29991980
30001980
30011980
30021980
30031980
30041980
30051980
30061980
30071980
30081980
30091980
30101980
30111980
30121980
30131980
30141980
30151980
30161980
30171980
30181980
30191980
30201980
30211980
30221980
30231980
30241980
30251980
30261980
30271980
30281980
30291980
30301980
30311980
30321980
30331980
30341980
30351980
30361980
30371980
30381980
30391980
30401980
30411980
30421980
30431980
30441980
30451980
30461980
30471980
30481980
30491980
30501980
30511980
30521980
30531980
30541980
30551980
30561980
30571980
30581980
30591980
30601980
30611980
30621980
30631980
30641980
30651980
30661980
30671980
30681980
30691980
30701980
30711980
30721980
30731980
30741980
30751980
30761980
30771980
30781980
30791980
30801980
30811980
30821980
30831980
30841980
30851980
30861980
30871980
30881980
30891980
30901980
30911980
30921980
30931980
30941980
30951980
30961980
30971980
30981980
30991980
31001980
31011980
31021980
31031980
31041980
31051980
31061980
31071980
31081980
31091980
31101980
31111980
31121980
31131980
31141980
31151980
31161980
31171980
31181980
31191980
31201980
31211980
31221980
31231980
31241980
31251980
31261980
31271980
31281980
31291980
31301980
31311980
31321980
31331980
31341980
31351980
31361980
31371980
31381980
31391980
31401980
31411980
31421980
31431980
31441980
31451980
31461980
31471980
31481980
31491980
31501980
31511980
31521980
31531980
31541980
31551980
31561980
31571980
31581980
31591980
31601980
31611980
31621980
31631980
31641980
31651980
31661980
31671980
31681980
31691980
31701980
31711980
31721980
31731980
31741980
31751980
31761980
31771980
31781980
31791980
31801980
31811980
31821980
31831980
31841980
31851980
31861980
31871980
31881980
31891980
31901980
31911980
31921980
31931980
31941980
31951980
31961980
31971980
31981980
31991980
32001980
32011980
32021980
32031980
32041980
32051980
32061980
32071980
32081980
32091980
32101980
32111980
32121980
32131980
32141980
32151980
32161980
32171980
32181980
32191980
32201980
32211980
32221980
32231980
32241980
32251980
32261980
32271980
32281980
32291980
32301980
32311980
32321980
32331980
32341980
32351980
32361980
32371980
32381980
32391980
32401980
32411980
32421980
32431980
32441980
32451980
32461980
32471980
32481980
32491980
32501980
32511980
32521980
32531980
32541980
32551980
32561980
32571980
32581980
32591980
32601980
32611980
32621980
32631980
32641980
32651980
32661980
32671980
32681980
32691980
32701980
32711980
32721980
32731980
32741980
32751980
32761980
32771980
32781980
32791980
32801980
32811980
32821980
32831980
32841980
32851980
32861980
32871980
32881980
32891980
32901980
32911980
32921980
32931980
32941980
32951980
32961980
32971980
32981980
32991980
33001980
33011980
33021980
33031980
33041980
33051980
33061980
33071980
33081980
33091980
33101980
33111980
33121980
33131980
33141980
33151980
33161980
33171980
33181980
33191980
33201980
33211980
33221980
33231980
33241980
33251980
33261980
33271980
33281980
33291980
33301980
33311980
33321980
33331980
33341980
33351980
33361980
33371980
33381980
33391980
33401980
33411980
33421980
33431980
33441980
33451980
33461980
33471980
33481980
33491980
33501980
33511980
33521980
33531980
33541980
33551980
33561980
33571980
33581980
33591980
33601980
33611980
33621980
33631980
33641980
33651980
33661980
33671980
33681980
33691980
33701980
33711980
33721980
33731980
33741980
33751980
33761980
33771980
33781980
33791980
33801980
33811980
33821980
33831980
33841980
33851980
33861980
33871980
33881980
33891980
33901980
33911980
33921980
33931980
33941980
33951980
33961980
33971980
33981980
33991980
34001980
34011980
34021980
34031980
34041980
34051980
34061980
34071980
34081980
34091980
34101980
34111980
34121980
34131980
34141980
34151980
34161980
34171980
34181980
34191980
34201980
34211980
34221980
34231980
34241980
34251980
34261980
34271980
34281980
34291980
34301980
34311980
34321980
34331980
34341980
34351980
34361980
34371980
34381980
34391980
34401980
34411980
34421980
34431980
34441980
34451980
34461980
34471980
34481980
34491980
34501980
34511980
34521980
34531980
34541980
34551980
34561980
34571980
34581980
34591980
34601980
34611980
34621980
34631980
34641980
34651980
34661980
34671980
34681980
34691980
34701980
34711980
34721980
34731980
34741980
34751980
34761980
34771980
34781980
34791980
34801980
34811980
34821980
34831980
34841980
34851980
34861980
34871980
34881980
34891980
34901980
34911980
34921980
34931980
34941980
34951980
34961980
34971980
34981980
34991980
35001980
35011980
35021980
35031980
35041980
35051980
35061980
35071980
35081980
35091980
35101980
35111980
35121980
35131980
35141980
35151980
35161980
35171980
35181980
35191980
35201980
35211980
35221980
35231980
35241980
35251980
35261980
35271980
35281980
35291980
35301980
35311980
35321980
35331980
35341980
35351980
35361980
35371980
35381980
35391980
35401980
35411980
35421980
35431980
35441980
35451980
35461980
35471980
35481980
35491980
35501980
35511980
35521980
35531980
35541980
35551980
35561980
35571980
35581980
35591980
35601980
35611980
35621980
35631980
35641980
35651980
35661980
35671980
35681980
35691980
35701980
35711980
35721980
35731980
35741980
35751980
35761980
35771980
35781980
35791980
35801980
35811980
35821980
35831980
35841980
35851980
35861980
35871980
35881980
35891980
35901980
35911980
35921980
35931980
35941980
35951980
35961980
35971980
35981980
35991980
36001980
36011980
36021980
36031980
36041980
36051980
36061980
36071980
36081980
36091980
36101980
36111980
36121980
36131980
36141980
36151980
36161980
36171980
36181980
36191980
36201980
36211980
36221980
36231980
36241980
36251980
36261980
36271980
36281980
36291980
36301980
36311980
36321980
36331980
36341980
36351980
36361980
36371980
36381980
36391980
36401980
36411980
36421980
36431980
36441980
36451980
36461980
36471980
36481980
36491980
36501980
36511980
36521980
36531980
36541980
36551980
36561980
36571980
36581980
36591980
36601980
36611980
36621980
36631980
36641980
36651980
36661980
36671980
36681980
36691980
36701980
36711980
36721980
36731980
36741980
36751980
36761980
36771980
36781980
36791980
36801980
36811980
36821980
36831980
36841980
36851980
36861980
36871980
36881980
36891980
36901980
36911980
36921980
36931980
36941980
36951980
36961980
36971980
36981980
36991980
37001980
37011980
37021980
37031980
37041980
37051980
37061980
37071980
37081980
37091980
37101980
37111980
37121980
37131980
37141980
37151980
37161980
37171980
37181980
37191980
37201980
37211980
37221980
37231980
37241980
37251980
37261980
37271980
37281980
37291980
37301980
37311980
37321980
37331980
37341980
37351980
37361980
37371980
37381980
37391980
37401980
37411980
37421980
37431980
37441980
37451980
37461980
37471980
37481980
37491980
37501980
37511980
37521980
37531980
37541980
37551980
37561980
37571980
37581980
37591980
37601980
37611980
37621980
37631980
37641980
37651980
37661980
37671980
37681980
37691980
37701980
37711980
37721980
37731980
37741980
37751980
37761980
37771980
37781980
37791980
37801980
37811980
37821980
37831980
37841980
37851980
37861980
37871980
37881980
37891980
37901980
37911980
37921980
37931980
37941980
37951980
37961980
37971980
37981980
37991980
38001980
38011980
38021980
38031980
38041980
38051980
38061980
38071980
38081980
38091980
38101980
38111980
38121980
38131980
38141980
38151980
38161980
38171980
38181980
38191980
38201980
38211980
38221980
38231980
38241980
38251980
38261980
38271980
38281980
38291980
38301980
38311980
38321980
38331980
38341980
38351980
38361980
38371980
38381980
38391980
38401980
38411980
38421980
38431980
38441980
38451980
38461980
38471980
38481980
38491980
38501980
38511980
38521980
38531980
38541980
38551980
38561980
38571980
38581980
38591980
38601980
38611980
38621980
38631980
38641980
38651980
38661980
38671980
38681980
38691980
38701980
38711980
38721980
38731980
38741980
38751980
38761980
38771980
38781980
38791980
38801980
38811980
38821980
38831980
38841980
38851980
38861980
38871980
38881980
38891980
38901980
38911980
38921980
38931980
38941980
38951980
38961980
38971980
38981980
38991980
39001980
39011980
39021980
39031980
39041980
39051980
39061980
39071980
39081980
39091980
39101980
39111980
39121980
39131980
39141980
39151980
39161980
39171980
39181980
39191980
39201980
39211980
39221980
39231980
39241980
39251980
39261980
39271980
39281980
39291980
39301980
39311980
39321980
39331980
39341980
39351980
39361980
39371980
39381980
39391980
39401980
39411980
39421980
39431980
39441980
39451980
39461980
39471980
39481980
39491980
39501980
39511980
39521980
39531980
39541980
39551980
39561980
39571980
39581980
39591980
39601980
39611980
39621980
39631980
39641980
39651980
39661980
39671980
39681980
39691980
39701980
39711980
39721980
39731980
39741980
39751980
39761980
39771980
39781980
39791980
39801980
39811980
39821980
39831980
39841980
39851980
39861980
39871980
39881980
39891980
39901980
39911980
39921980
39931980
39941980
39951980
39961980
39971980
39981980
39991980
40001980
40011980
40021980
40031980
40041980
40051980
40061980
40071980
40081980
40091980
40101980
40111980
40121980
40131980
40141980
40151980
40161980
40171980
40181980
40191980
40201980
40211980
40221980
40231980
40241980
40251980
40261980
40271980
40281980
40291980
40301980
40311980
40321980
40331980
40341980
40351980
40361980
40371980
40381980
40391980
40401980
40411980
40421980
40431980
40441980
40451980
40461980
40471980
40481980
40491980
40501980
40511980
40521980
40531980
40541980
40551980
40561980
40571980
40581980
40591980
40601980
40611980
40621980
40631980
40641980
40651980
40661980
40671980
40681980
40691980
40701980
40711980
40721980
40731980
40741980
40751980
40761980
40771980
40781980
40791980
40801980
40811980
40821980
40831980
40841980
40851980
40861980
40871980
40881980
40891980
40901980
40911980
40921980
40931980
40941980
40951980
40961980
40971980
40981980
40991980
41001980
41011980
41021980
41031980
41041980
41051980
41061980
41071980
41081980
41091980
41101980
41111980
41121980
41131980
41141980
41151980
41161980
41171980
41181980
41191980
41201980
41211980
41221980
41231980
41241980
41251980
41261980
41271980
41281980
41291980
41301980
41311980
41321980
41331980
41341980
41351980
41361980
41371980
41381980
41391980
41401980
41411980
41421980
41431980
41441980
41451980
41461980
41471980
41481980
41491980
41501980
41511980
41521980
41531980
41541980
41551980
41561980
41571980
41581980
41591980
41601980
41611980
41621980
41631980
41641980
41651980
41661980
41671980
41681980
41691980
41701980
41711980
41721980
41731980
41741980
41751980
41761980
41771980
41781980
41791980
41801980
41811980
41821980
41831980
41841980
41851980
41861980
41871980
41881980
41891980
41901980
41911980
41921980
41931980
41941980
41951980
41961980
41971980
41981980
41991980
42001980
42011980
42021980
42031980
42041980
42051980
42061980
42071980
42081980
42091980
42101980
42111980
42121980
42131980
42141980
42151980
42161980
42171980
42181980
42191980
42201980
42211980
42221980
42231980
42241980
42251980
42261980
42271980
42281980
42291980
42301980
42311980
42321980
42331980
42341980
42351980
42361980
42371980
42381980
42391980
42401980
42411980
42421980
42431980
42441980
42451980
42461980
42471980
42481980
42491980
42501980
42511980
42521980
42531980
42541980
42551980
42561980
42571980
42581980
42591980
42601980
42611980
42621980
42631980
42641980
42651980
42661980
42671980
42681980
42691980
42701980
42711980
42721980
42731980
42741980
42751980
42761980
42771980
42781980
42791980
42801980
42811980
42821980
42831980
42841980
42851980
42861980
42871980
42881980
42891980
42901980
42911980
42921980
42931980
42941980
42951980
42961980
42971980
42981980
42991980
43001980
43011980
43021980
43031980
43041980
43051980
43061980
43071980
43081980
43091980
43101980
43111980
43121980
43131980
43141980
43151980
43161980
43171980
43181980
43191980
43201980
43211980
43221980
43231980
43241980
43251980
43261980
43271980
43281980
43291980
43301980
43311980
43321980
43331980
43341980
43351980
43361980
43371980
43381980
43391980
43401980
43411980
43421980
43431980
43441980
43451980
43461980
43471980
43481980
43491980
43501980
43511980
43521980
43531980
43541980
43551980
43561980
43571980
43581980
43591980
43601980
43611980
43621980
43631980
43641980
43651980
43661980
43671980
43681980
43691980
43701980
43711980
43721980
43731980
43741980
43751980
43761980
43771980
43781980
43791980
43801980
43811980
43821980
43831980
43841980
43851980
43861980
43871980
43881980
43891980
43901980
43911980
43921980
43931980
43941980
43951980
43961980
43971980
43981980
43991980
44001980
44011980
44021980
44031980
44041980
44051980
44061980
44071980
44081980
44091980
44101980
44111980
44121980
44131980
44141980
44151980
44161980
44171980
44181980
44191980
44201980
44211980
44221980
44231980
44241980
44251980
44261980
44271980
44281980
44291980
44301980
44311980
44321980
44331980
44341980
44351980
44361980
44371980
44381980
44391980
44401980
44411980
44421980
44431980
44441980
44451980
44461980
44471980
44481980
44491980
44501980
44511980
44521980
44531980
44541980
44551980
44561980
44571980
44581980
44591980
44601980
44611980
44621980
44631980
44641980
44651980
44661980
44671980
44681980
44691980
44701980
44711980
44721980
44731980
44741980
44751980
44761980
44771980
44781980
44791980
44801980
44811980
44821980
44831980
44841980
44851980
44861980
44871980
44881980
44891980
44901980
44911980
44921980
44931980
44941980
44951980
44961980
44971980
44981980
44991980
45001980
45011980
45021980
45031980
45041980
45051980
45061980
45071980
45081980
45091980
45101980
45111980
45121980
45131980
45141980
45151980
45161980
45171980
45181980
45191980
45201980
45211980
45221980
45231980
45241980
45251980
45261980
45271980
45281980
45291980
45301980
45311980
45321980
45331980
45341980
45351980
45361980
45371980
45381980
45391980
45401980
45411980
45421980
45431980
45441980
45451980
45461980
45471980
45481980
45491980
45501980
45511980
45521980
45531980
45541980
45551980
45561980
45571980
45581980
45591980
45601980
45611980
45621980
45631980
45641980
45651980
45661980
45671980
45681980
45691980
45701980
45711980
45721980
45731980
45741980
45751980
45761980
45771980
45781980
45791980
45801980
45811980
45821980
45831980
45841980
45851980
45861980
45871980
45881980
45891980
45901980
45911980
45921980
45931980
45941980
45951980
45961980
45971980
45981980
45991980
46001980
46011980
46021980
46031980
46041980
46051980
46061980
46071980
46081980
46091980
46101980
46111980
46121980
46131980
46141980
46151980
46161980
46171980
46181980
46191980
46201980
46211980
46221980
46231980
46241980
46251980
46261980
46271980
46281980
46291980
46301980
46311980
46321980
46331980
46341980
46351980
46361980
46371980
46381980
46391980
46401980
46411980
46421980
46431980
46441980
46451980
46461980
46471980
46481980
46491980
46501980
46511980
46521980
46531980
46541980
46551980
46561980
46571980
46581980
46591980
46601980
46611980
46621980
46631980
46641980
46651980
46661980
46671980
46681980
46691980
46701980
46711980
46721980
46731980
46741980
46751980
46761980
46771980
46781980
46791980
46801980
46811980
46821980
46831980
46841980
46851980
46861980
46871980
46881980
46891980
46901980
46911980
46921980
46931980
46941980
46951980
46961980
46971980
46981980
46991980
47001980
47011980
47021980
47031980
47041980
47051980
47061980
47071980
47081980
47091980
47101980
47111980
47121980
47131980
47141980
47151980
47161980
47171980
47181980
47191980
47201980
47211980
47221980
47231980
47241980
47251980
47261980
47271980
47281980
47291980
47301980
47311980
47321980
47331980
47341980
47351980
47361980
47371980
47381980
47391980
47401980
47411980
47421980
47431980
47441980
47451980
47461980
47471980
47481980
47491980
47501980
47511980
47521980
47531980
47541980
47551980
47561980
47571980
47581980
47591980
47601980
47611980
47621980
47631980
47641980
47651980
47661980
47671980
47681980
47691980
47701980
47711980
47721980
47731980
47741980
47751980
47761980
47771980
47781980
47791980
47801980
47811980
47821980
47831980
47841980
47851980
47861980
47871980
47881980
47891980
47901980
47911980
47921980
47931980
47941980
47951980
47961980
47971980
47981980
47991980
48001980
48011980
48021980
48031980
48041980
48051980
48061980
48071980
48081980
48091980
48101980
48111980
48121980
48131980
48141980
48151980
48161980
48171980
48181980
48191980
48201980
48211980
48221980
48231980
48241980
48251980
48261980
48271980
48281980
48291980
48301980
48311980
48321980
48331980
48341980
48351980
48361980
48371980
48381980
48391980
48401980
48411980
48421980
48431980
48441980
48451980
48461980
48471980
48481980
48491980
48501980
48511980
48521980
48531980
48541980
48551980
48561980
48571980
48581980
48591980
48601980
48611980
48621980
48631980
48641980
48651980
48661980
48671980
48681980
48691980
48701980
48711980
48721980
48731980
48741980
48751980
48761980
48771980
48781980
48791980
48801980
48811980
48821980
48831980
48841980
48851980
48861980
48871980
48881980
48891980
48901980
48911980
48921980
48931980
48941980
48951980
48961980
48971980
48981980
48991980
49001980
49011980
49021980
49031980
49041980
49051980
49061980
49071980
49081980
49091980
49101980
49111980
49121980
49131980
49141980
49151980
49161980
49171980
49181980
49191980
49201980
49211980
49221980
49231980
49241980
49251980
49261980
49271980
49281980
49291980
49301980
49311980
49321980
49331980
49341980
49351980
49361980
49371980
49381980
49391980
49401980
49411980
49421980
49431980
49441980
49451980
49461980
49471980
49481980
49491980
49501980
49511980
49521980
49531980
49541980
49551980
49561980
49571980
49581980
49591980
49601980
49611980
49621980
49631980
49641980
49651980
49661980
49671980
49681980
49691980
49701980
49711980
49721980
49731980
49741980
49751980
49761980
49771980
49781980
49791980
49801980
49811980
49821980
49831980
49841980
49851980
49861980
49871980
49881980
49891980
49901980
49911980
49921980
49931980
49941980
49951980
49961980
49971980
49981980
49991980
50001980
50011980
50021980
50031980
50041980
50051980
50061980
50071980
50081980
50091980
50101980
50111980
50121980
50131980
50141980
50151980
50161980
50171980
50181980
50191980
50201980
50211980
50221980
50231980
50241980
50251980
50261980
50271980
50281980
50291980
50301980
50311980
50321980
50331980
50341980
50351980
50361980
50371980
50381980
50391980
50401980
50411980
50421980
50431980
50441980
50451980
50461980
50471980
50481980
50491980
50501980
50511980
50521980
50531980
50541980
50551980
50561980
50571980
50581980
50591980
50601980
50611980
50621980
50631980
50641980
50651980
50661980
50671980
50681980
50691980
50701980
50711980
50721980
50731980
50741980
50751980
50761980
50771980
50781980
50791980
50801980
50811980
50821980
50831980
50841980
50851980
50861980
50871980
50881980
50891980
50901980
50911980
50921980
50931980
50941980
50951980
50961980
50971980
50981980
50991980
51001980
51011980
51021980
51031980
51041980
51051980
51061980
51071980
51081980
51091980
51101980
51111980
51121980
51131980
51141980
51151980
51161980
51171980
51181980
51191980
51201980
51211980
51221980
51231980
51241980
51251980
51261980
51271980
51281980
51291980
51301980
51311980
51321980
51331980
51341980
51351980
51361980
51371980
51381980
51391980
51401980
51411980
51421980
51431980
51441980
51451980
51461980
51471980
51481980
51491980
51501980
51511980
51521980
51531980
51541980
51551980
51561980
51571980
51581980
51591980
51601980
51611980
51621980
51631980
51641980
51651980
51661980
51671980
51681980
51691980
51701980
51711980
51721980
51731980
51741980
51751980
51761980
51771980
51781980
51791980
51801980
51811980
51821980
51831980
51841980
51851980
51861980
51871980
51881980
51891980
51901980
51911980
51921980
51931980
51941980
51951980
51961980
51971980
51981980
51991980
52001980
52011980
52021980
52031980
52041980
52051980
52061980
52071980
52081980
52091980
52101980
52111980
52121980
52131980
52141980
52151980
52161980
52171980
52181980
52191980
52201980
52211980
52221980
52231980
52241980
52251980
52261980
52271980
52281980
52291980
52301980
52311980
52321980
52331980
52341980
52351980
52361980
52371980
52381980
52391980
52401980
52411980
52421980
52431980
52441980
52451980
52461980
52471980
52481980
52491980
52501980
52511980
52521980
52531980
52541980
52551980
52561980
52571980
52581980
52591980
52601980
52611980
52621980
52631980
52641980
52651980
52661980
52671980
52681980
52691980
52701980
52711980
52721980
52731980
52741980
52751980
52761980
52771980
52781980
52791980
52801980
52811980
52821980
52831980
52841980
52851980
52861980
52871980
52881980
52891980
52901980
52911980
52921980
52931980
52941980
52951980
52961980
52971980
52981980
52991980
53001980
53011980
53021980
53031980
53041980
53051980
53061980
53071980
53081980
53091980
53101980
53111980
53121980
53131980
53141980
53151980
53161980
53171980
53181980
53191980
53201980
53211980
53221980
53231980
53241980
53251980
53261980
53271980
53281980
53291980
53301980
53311980
53321980
53331980
53341980
53351980
53361980
53371980
53381980
53391980
53401980
53411980
53421980
53431980
53441980
53451980
53461980
53471980
53481980
53491980
53501980
53511980
53521980
53531980
53541980
53551980
53561980
53571980
53581980
53591980
53601980
53611980
53621980
53631980
53641980
53651980
53661980
53671980
53681980
53691980
53701980
53711980
53721980
53731980
53741980
53751980
53761980
53771980
53781980
53791980
53801980
53811980
53821980
53831980
53841980
53851980
53861980
53871980
53881980
53891980
53901980
53911980
53921980
53931980
53941980
53951980
53961980
53971980
53981980
53991980
54001980
54011980
54021980
54031980
54041980
54051980
54061980
54071980
54081980
54091980
54101980
54111980
54121980
54131980
54141980
54151980
54161980
54171980
54181980
54191980
54201980
54211980
54221980
54231980
54241980
54251980
54261980
54271980
54281980
54291980
54301980
54311980
54321980
54331980
54341980
54351980
54361980
54371980
54381980
54391980
54401980
54411980
54421980
54431980
54441980
54451980
54461980
54471980
54481980
54491980
54501980
54511980
54521980
54531980
54541980
54551980
54561980
54571980
54581980
54591980
54601980
54611980
54621980
54631980
54641980
54651980
54661980
54671980
54681980
54691980
54701980
54711980
54721980
54731980
54741980
54751980
54761980
54771980
54781980
54791980
54801980
54811980
54821980
54831980
54841980
54851980
54861980
54871980
54881980
54891980
54901980
54911980
54921980
54931980
54941980
54951980
54961980
54971980
54981980
54991980
55001980
55011980
55021980
55031980
55041980
55051980
55061980
55071980
55081980
55091980
55101980
55111980
55121980
55131980
55141980
55151980
55161980
55171980
55181980
55191980
55201980
55211980
55221980
55231980
55241980
55251980
55261980
55271980
55281980
55291980
55301980
55311980
55321980
55331980
55341980
55351980
55361980
55371980
55381980
55391980
55401980
55411980
55421980
55431980
55441980
55451980
55461980
55471980
55481980
55491980
55501980
55511980
55521980
55531980
55541980
55551980
55561980
55571980
55581980
55591980
55601980
55611980
55621980
55631980
55641980
55651980
55661980
55671980
55681980
55691980
55701980
55711980
55721980
55731980
55741980
55751980
55761980
55771980
55781980
55791980
55801980
55811980
55821980
55831980
55841980
55851980
55861980
55871980
55881980
55891980
55901980
55911980
55921980
55931980
55941980
55951980
55961980
55971980
55981980
55991980
56001980
56011980
56021980
56031980
56041980
56051980
56061980
56071980
56081980
56091980
56101980
56111980
56121980
56131980
56141980
56151980
56161980
56171980
56181980
56191980
56201980
56211980
56221980
56231980
56241980
56251980
56261980
56271980
56281980
56291980
56301980
56311980
56321980
56331980
56341980
56351980
56361980
56371980
56381980
56391980
56401980
56411980
56421980
56431980
56441980
56451980
56461980
56471980
56481980
56491980
56501980
56511980
56521980
56531980
56541980
56551980
56561980
56571980
56581980
56591980
56601980
56611980
56621980
56631980
56641980
56651980
56661980
56671980
56681980
56691980
56701980
56711980
56721980
56731980
56741980
56751980
56761980
56771980
56781980
56791980
56801980
56811980
56821980
56831980
56841980
56851980
56861980
56871980
56881980
56891980
56901980
56911980
56921980
56931980
56941980
56951980
56961980
56971980
56981980
56991980
57001980
57011980
57021980
57031980
57041980
57051980
57061980
57071980
57081980
57091980
57101980
57111980
57121980
57131980
57141980
57151980
57161980
57171980
57181980
57191980
57201980
57211980
57221980
57231980
57241980
57251980
57261980
57271980
57281980
57291980
57301980
57311980
57321980
57331980
57341980
57351980
57361980
57371980
57381980
57391980
57401980
57411980
57421980
57431980
57441980
57451980
57461980
57471980
57481980
57491980
57501980
57511980
57521980
57531980
57541980
57551980
57561980
57571980
57581980
57591980
57601980
57611980
57621980
57631980
57641980
57651980
57661980
57671980
57681980
57691980
57701980
57711980
57721980
57731980
57741980
57751980
57761980
57771980
57781980
57791980
57801980
57811980
57821980
57831980
57841980
57851980
57861980
57871980
57881980
57891980
57901980
57911980
57921980
57931980
57941980
57951980
57961980
57971980
57981980
57991980
58001980
58011980
58021980
58031980
58041980
58051980
58061980
58071980
58081980
58091980
58101980
58111980
58121980
58131980
58141980
58151980
58161980
58171980
58181980
58191980
58201980
58211980
58221980
58231980
58241980
58251980
58261980
58271980
58281980
58291980
58301980
58311980
58321980
58331980
58341980
58351980
58361980
58371980
58381980
58391980
58401980
58411980
58421980
58431980
58441980
58451980
58461980
58471980
58481980
58491980
58501980
58511980
58521980
58531980
58541980
58551980
58561980
58571980
58581980
58591980
58601980
58611980
58621980
58631980
58641980
58651980
58661980
58671980
58681980
58691980
58701980
58711980
58721980
58731980
58741980
58751980
58761980
58771980
58781980
58791980
58801980
58811980
58821980
58831980
58841980
58851980
58861980
58871980
58881980
58891980
58901980
58911980
58921980
58931980
58941980
58951980
58961980
58971980
58981980
58991980
59001980
59011980
59021980
59031980
59041980
59051980
59061980
59071980
59081980
59091980
59101980
59111980
59121980
59131980
59141980
59151980
59161980
59171980
59181980
59191980
59201980
59211980
59221980
59231980
59241980
59251980
59261980
59271980
59281980
59291980
59301980
59311980
59321980
59331980
59341980
59351980
59361980
59371980
59381980
59391980
59401980
59411980
59421980
59431980
59441980
59451980
59461980
59471980
59481980
59491980
59501980
59511980
59521980
59531980
59541980
59551980
59561980
59571980
59581980
59591980
59601980
59611980
59621980
59631980
59641980
59651980
59661980
59671980
59681980
59691980
59701980
59711980
59721980
59731980
59741980
59751980
59761980
59771980
59781980
59791980
59801980
59811980
59821980
59831980
59841980
59851980
59861980
59871980
59881980
59891980
59901980
59911980
59921980
59931980
59941980
59951980
59961980
59971980
59981980
59991980
60001980
60011980
60021980
60031980
60041980
60051980
60061980
60071980
60081980
60091980
60101980
60111980
60121980
60131980
60141980
60151980
60161980
60171980
60181980
60191980
60201980
60211980
60221980
60231980
60241980
60251980
60261980
60271980
60281980
60291980
60301980
60311980
60321980
60331980
60341980
60351980
60361980
60371980
60381980
60391980
60401980
60411980
60421980
60431980
60441980
60451980
60461980
60471980
60481980
60491980
60501980
60511980
60521980
60531980
60541980
60551980
60561980
60571980
60581980
60591980
60601980
60611980
60621980
60631980
60641980
60651980
60661980
60671980
60681980
60691980
60701980
60711980
60721980
60731980
60741980
60751980
60761980
60771980
60781980
60791980
60801980
60811980
60821980
60831980
60841980
60851980
60861980
60871980
60881980
60891980
60901980
60911980
60921980
60931980
60941980
60951980
60961980
60971980
60981980
60991980
61001980
61011980
61021980
61031980
61041980
61051980
61061980
61071980
61081980
61091980
61101980
61111980
61121980
61131980
61141980
61151980
61161980
61171980
61181980
61191980
61201980
61211980
61221980
61231980
61241980
61251980
61261980
61271980
61281980
61291980
61301980
61311980
61321980
61331980
61341980
61351980
61361980
61371980
61381980
61391980
61401980
61411980
61421980
61431980
61441980
61451980
61461980
61471980
61481980
61491980
61501980
61511980
61521980
61531980
61541980
61551980
61561980
61571980
61581980
61591980
61601980
61611980
61621980
61631980
61641980
61651980
61661980
61671980
61681980
61691980
61701980
61711980
61721980
61731980
61741980
61751980
61761980
61771980
61781980
61791980
61801980
61811980
61821980
61831980
61841980
61851980
61861980
61871980
61881980
61891980
61901980
61911980
61921980
61931980
61941980
61951980
61961980
61971980
61981980
61991980
62001980
62011980
62021980
62031980
62041980
62051980
62061980
62071980
62081980
62091980
62101980
62111980
62121980
62131980
62141980
62151980
62161980
62171980
62181980
62191980
62201980
62211980
62221980
62231980
62241980
62251980
62261980
62271980
62281980
62291980
62301980
62311980
62321980
62331980
62341980
62351980
62361980
62371980
62381980
62391980
62401980
62411980
62421980
62431980
62441980
62451980
62461980
62471980
62481980
62491980
62501980
62511980
62521980
62531980
62541980
62551980
62561980
62571980
62581980
62591980
62601980
62611980
62621980
62631980
62641980
62651980
62661980
62671980
62681980
62691980
62701980
62711980
62721980
62731980
62741980
62751980
62761980
62771980
62781980
62791980
62801980
62811980
62821980
62831980
62841980
62851980
62861980
62871980
62881980
62891980
62901980
62911980
62921980
62931980
62941980
62951980
62961980
62971980
62981980
62991980
63001980
63011980
63021980
63031980
63041980
63051980
63061980
63071980
63081980
63091980
63101980
63111980
63121980
63131980
63141980
63151980
63161980
63171980
63181980
63191980
63201980
63211980
63221980
63231980
63241980
63251980
63261980
63271980
63281980
63291980
63301980
63311980
63321980
63331980
63341980
63351980
63361980
63371980
63381980
63391980
63401980
63411980
63421980
63431980
63441980
63451980
63461980
63471980
63481980
63491980
63501980
63511980
63521980
63531980
63541980
63551980
63561980
63571980
63581980
63591980
63601980
63611980
63621980
63631980
63641980
63651980
63661980
63671980
63681980
63691980
63701980
63711980
63721980
63731980
63741980
63751980
63761980
63771980
63781980
63791980
63801980
63811980
63821980
63831980
63841980
63851980
63861980
63871980
63881980
63891980
63901980
63911980
63921980
63931980
63941980
63951980
63961980
63971980
63981980
63991980
64001980
64011980
64021980
64031980
64041980
64051980
64061980
64071980
64081980
64091980
64101980
64111980
64121980
64131980
64141980
64151980
64161980
64171980
64181980
64191980
64201980
64211980
64221980
64231980
64241980
64251980
64261980
64271980
64281980
64291980
64301980
64311980
64321980
64331980
64341980
64351980
64361980
64371980
64381980
64391980
64401980
64411980
64421980
64431980
64441980
64451980
64461980
64471980
64481980
64491980
64501980
64511980
64521980
64531980
64541980
64551980
64561980
64571980
64581980
64591980
64601980
64611980
64621980
64631980
64641980
64651980
64661980
64671980
64681980
64691980
64701980
64711980
64721980
64731980
64741980
64751980
64761980
64771980
64781980
64791980
64801980
64811980
64821980
64831980
64841980
64851980
64861980
64871980
64881980
64891980
64901980
64911980
64921980
64931980
64941980
64951980
64961980
64971980
64981980
64991980
65001980
65011980
65021980
65031980
65041980
65051980
65061980
65071980
65081980
65091980
65101980
65111980
65121980
65131980
65141980
65151980
65161980
65171980
65181980
65191980
65201980
65211980
65221980
65231980
65241980
65251980
65261980
65271980
65281980
65291980
65301980
65311980
65321980
65331980
65341980
65351980
65361980
65371980
65381980
65391980
65401980
65411980
65421980
65431980
65441980
65451980
65461980
65471980
65481980
65491980
65501980
65511980
65521980
65531980
65541980
65551980
65561980
65571980
65581980
65591980
65601980
65611980
65621980
65631980
65641980
65651980
65661980
65671980
65681980
65691980
65701980
65711980
65721980
65731980
65741980
65751980
65761980
65771980
65781980
65791980
65801980
65811980
65821980
65831980
65841980
65851980
65861980
65871980
65881980
65891980
65901980
65911980
65921980
65931980
65941980
65951980
65961980
65971980
65981980
65991980
66001980
66011980
66021980
66031980
66041980
66051980
66061980
66071980
66081980
66091980
66101980
66111980
66121980
66131980
66141980
66151980
66161980
66171980
66181980
66191980
66201980
66211980
66221980
66231980
66241980
66251980
66261980
66271980
66281980
66291980
66301980
66311980
66321980
66331980
66341980
66351980
66361980
66371980
66381980
66391980
66401980
66411980
66421980
66431980
66441980
66451980
66461980
66471980
66481980
66491980
66501980
66511980
66521980
66531980
66541980
66551980
66561980
66571980
66581980
66591980
66601980
66611980
66621980
66631980
66641980
66651980
66661980
66671980
66681980
66691980
66701980
66711980
66721980
66731980
66741980
66751980
66761980
66771980
66781980
66791980
66801980
66811980
66821980
66831980
66841980
66851980
66861980
66871980
66881980
66891980
66901980
66911980
66921980
66931980
66941980
66951980
66961980
66971980
66981980
66991980
67001980
67011980
67021980
67031980
67041980
67051980
67061980
67071980
67081980
67091980
67101980
67111980
67121980
67131980
67141980
67151980
67161980
67171980
67181980
67191980
67201980
67211980
67221980
67231980
67241980
67251980
67261980
67271980
67281980
67291980
67301980
67311980
67321980
67331980
67341980
67351980
67361980
67371980
67381980
67391980
67401980
67411980
67421980
67431980
67441980
67451980
67461980
67471980
67481980
67491980
67501980
67511980
67521980
67531980
67541980
67551980
67561980
67571980
67581980
67591980
67601980
67611980
67621980
67631980
67641980
67651980
67661980
67671980
67681980
67691980
67701980
67711980
67721980
67731980
67741980
67751980
67761980
67771980
67781980
67791980
67801980
67811980
67821980
67831980
67841980
67851980
67861980
67871980
67881980
67891980
67901980
67911980
67921980
67931980
67941980
67951980
67961980
67971980
67981980
67991980
68001980
68011980
68021980
68031980
68041980
68051980
68061980
68071980
68081980
68091980
68101980
68111980
68121980
68131980
68141980
68151980
68161980
68171980
68181980
68191980
68201980
68211980
68221980
68231980
68241980
68251980
68261980
68271980
68281980
68291980
68301980
68311980
68321980
68331980
68341980
68351980
68361980
68371980
68381980
68391980
68401980
68411980
68421980
68431980
68441980
68451980
68461980
68471980
68481980
68491980
68501980
68511980
68521980
68531980
68541980
68551980
68561980
68571980
68581980
68591980
68601980
68611980
68621980
68631980
68641980
68651980
68661980
68671980
68681980
68691980
68701980
68711980
68721980
68731980
68741980
68751980
68761980
68771980
68781980
68791980
68801980
68811980
68821980
68831980
68841980
68851980
68861980
68871980
68881980
68891980
68901980
68911980
68921980
68931980
68941980
68951980
68961980
68971980
68981980
68991980
69001980
69011980
69021980
69031980
69041980
69051980
69061980
69071980
69081980
69091980
69101980
69111980
69121980
69131980
69141980
69151980
69161980
69171980
69181980
69191980
69201980
69211980
69221980
69231980
69241980
69251980
69261980
69271980
69281980
69291980
69301980
69311980
69321980
69331980
69341980
69351980
69361980
69371980
69381980
69391980
69401980
69411980
69421980
69431980
69441980
69451980
69461980
69471980
69481980
69491980
69501980
69511980
69521980
69531980
69541980
69551980
69561980
69571980
69581980
69591980
69601980
69611980
69621980
69631980
69641980
69651980
69661980
69671980
69681980
69691980
69701980
69711980
69721980
69731980
69741980
69751980
69761980
69771980
69781980
69791980
69801980
69811980
69821980
69831980
69841980
69851980
69861980
69871980
69881980
69891980
69901980
69911980
69921980
69931980
69941980
69951980
69961980
69971980
69981980
69991980
70001980
70011980
70021980
70031980
70041980
70051980
70061980
70071980
70081980
70091980
70101980
70111980
70121980
70131980
70141980
70151980
70161980
70171980
70181980
70191980
70201980
70211980
70221980
70231980
70241980
70251980
70261980
70271980
70281980
70291980
70301980
70311980
70321980
70331980
70341980
70351980
70361980
70371980
70381980
70391980
70401980
70411980
70421980
70431980
70441980
70451980
70461980
70471980
70481980
70491980
70501980
70511980
70521980
70531980
70541980
70551980
70561980
70571980
70581980
70591980
70601980
70611980
70621980
70631980
70641980
70651980
70661980
70671980
70681980
70691980
70701980
70711980
70721980
70731980
70741980
70751980
70761980
70771980
70781980
70791980
70801980
70811980
70821980
70831980
70841980
70851980
70861980
70871980
70881980
70891980
70901980
70911980
70921980
70931980
70941980
70951980
70961980
70971980
70981980
70991980
71001980
71011980
71021980
71031980
71041980
71051980
71061980
71071980
71081980
71091980
71101980
71111980
71121980
71131980
71141980
71151980
71161980
71171980
71181980
71191980
71201980
71211980
71221980
71231980
71241980
71251980
71261980
71271980
71281980
71291980
71301980
71311980
71321980
71331980
71341980
71351980
71361980
71371980
71381980
71391980
71401980
71411980
71421980
71431980
71441980
71451980
71461980
71471980
71481980
71491980
71501980
71511980
71521980
71531980
71541980
71551980
71561980
71571980
71581980
71591980
71601980
71611980
71621980
71631980
71641980
71651980
71661980
71671980
71681980
71691980
71701980
71711980
71721980
71731980
71741980
71751980
71761980
71771980
71781980
71791980
71801980
71811980
71821980
71831980
71841980
71851980
71861980
71871980
71881980
71891980
71901980
71911980
71921980
71931980
71941980
71951980
71961980
71971980
71981980
71991980
72001980
72011980
72021980
72031980
72041980
72051980
72061980
72071980
72081980
72091980
72101980
72111980
72121980
72131980
72141980
72151980
72161980
72171980
72181980
72191980
72201980
72211980
72221980
72231980
72241980
72251980
72261980
72271980
72281980
72291980
72301980
72311980
72321980
72331980
72341980
72351980
72361980
72371980
72381980
72391980
72401980
72411980
72421980
72431980
72441980
72451980
72461980
72471980
72481980
72491980
72501980
72511980
72521980
72531980
72541980
72551980
72561980
72571980
72581980
72591980
72601980
72611980
72621980
72631980
72641980
72651980
72661980
72671980
72681980
72691980
72701980
72711980
72721980
72731980
72741980
72751980
72761980
72771980
72781980
72791980
72801980
72811980
72821980
72831980
72841980
72851980
72861980
72871980
72881980
72891980
72901980
72911980
72921980
72931980
72941980
72951980
72961980
72971980
72981980
72991980
73001980
73011980
73021980
73031980
73041980
73051980
73061980
73071980
73081980
73091980
73101980
73111980
73121980
73131980
73141980
73151980
73161980
73171980
73181980
73191980
73201980
73211980
73221980
73231980
73241980
73251980
73261980
73271980
73281980
73291980
73301980
73311980
73321980
73331980
73341980
73351980
73361980
73371980
73381980
73391980
73401980
73411980
73421980
73431980
73441980
73451980
73461980
73471980
73481980
73491980
73501980
73511980
73521980
73531980
73541980
73551980
73561980
73571980
73581980
73591980
73601980
73611980
73621980
73631980
73641980
73651980
73661980
73671980
73681980
73691980
73701980
73711980
73721980
73731980
73741980
73751980
73761980
73771980
73781980
73791980
73801980
73811980
73821980
73831980
73841980
73851980
73861980
73871980
73881980
73891980
73901980
73911980
73921980
73931980
73941980
73951980
73961980
73971980
73981980
73991980
74001980
74011980
74021980
74031980
74041980
74051980
74061980
74071980
74081980
74091980
74101980
74111980
74121980
74131980
74141980
74151980
74161980
74171980
74181980
74191980
74201980
74211980
74221980
74231980
74241980
74251980
74261980
74271980
74281980
74291980
74301980
74311980
74321980
74331980
74341980
74351980
74361980
74371980
74381980
74391980
74401980
74411980
74421980
74431980
74441980
74451980
74461980
74471980
74481980
74491980
74501980
74511980
74521980
74531980
74541980
74551980
74561980
74571980
74581980
74591980
74601980
74611980
74621980
74631980
74641980
74651980
74661980
74671980
74681980
74691980
74701980
74711980
74721980
74731980
74741980
74751980
74761980
74771980
74781980
74791980
74801980
74811980
74821980
74831980
74841980
74851980
74861980
74871980
74881980
74891980
74901980
74911980
74921980
74931980
74941980
74951980
74961980
74971980
74981980
74991980
75001980
75011980
75021980
75031980
75041980
75051980
75061980
75071980
75081980
75091980
75101980
75111980
75121980
75131980
75141980
75151980
75161980
75171980
75181980
75191980
75201980
75211980
75221980
75231980
75241980
75251980
75261980
75271980
75281980
75291980
75301980
75311980
75321980
75331980
75341980
75351980
75361980
75371980
75381980
75391980
75401980
75411980
75421980
75431980
75441980
75451980
75461980
75471980
75481980
75491980
75501980
75511980
75521980
75531980
75541980
75551980
75561980
75571980
75581980
75591980
75601980
75611980
75621980
75631980
75641980
75651980
75661980
75671980
75681980
75691980
75701980
75711980
75721980
75731980
75741980
75751980
75761980
75771980
75781980
75791980
75801980
75811980
75821980
75831980
75841980
75851980
75861980
75871980
75881980
75891980
75901980
75911980
75921980
75931980
75941980
75951980
75961980
75971980
75981980
75991980
76001980
76011980
76021980
76031980
76041980
76051980
76061980
76071980
76081980
76091980
76101980
76111980
76121980
76131980
76141980
76151980
76161980
76171980
76181980
76191980
76201980
76211980
76221980
76231980
76241980
76251980
76261980
76271980
76281980
76291980
76301980
76311980
76321980
76331980
76341980
76351980
76361980
76371980
76381980
76391980
76401980
76411980
76421980
76431980
76441980
76451980
76461980
76471980
76481980
76491980
76501980
76511980
76521980
76531980
76541980
76551980
76561980
76571980
76581980
76591980
76601980
76611980
76621980
76631980
76641980
76651980
76661980
76671980
76681980
76691980
76701980
76711980
76721980
76731980
76741980
76751980
76761980
76771980
76781980
76791980
76801980
76811980
76821980
76831980
76841980
76851980
76861980
76871980
76881980
76891980
76901980
76911980
76921980
76931980
76941980
76951980
76961980
76971980
76981980
76991980
77001980
77011980
77021980
77031980
77041980
77051980
77061980
77071980
77081980
77091980
77101980
77111980
77121980
77131980
77141980
77151980
77161980
77171980
77181980
77191980
77201980
77211980
77221980
77231980
77241980
77251980
77261980
77271980
77281980
77291980
77301980
77311980
77321980
77331980
77341980
77351980
77361980
77371980
77381980
77391980
77401980
77411980
77421980
77431980
77441980
77451980
77461980
77471980
77481980
77491980
77501980
77511980
77521980
77531980
77541980
77551980
77561980
77571980
77581980
77591980
77601980
77611980
77621980
77631980
77641980
77651980
77661980
77671980
77681980
77691980
77701980
77711980
77721980
77731980
77741980
77751980
77761980
77771980
77781980
77791980
77801980
77811980
77821980
77831980
77841980
77851980
77861980
77871980
77881980
77891980
77901980
77911980
77921980
77931980
77941980
77951980
77961980
77971980
77981980
77991980
78001980
78011980
78021980
78031980
78041980
78051980
78061980
78071980
78081980
78091980
78101980
78111980
78121980
78131980
78141980
78151980
78161980
78171980
78181980
78191980
78201980
78211980
78221980
78231980
78241980
78251980
78261980
78271980
78281980
78291980
78301980
78311980
78321980
78331980
78341980
78351980
78361980
78371980
78381980
78391980
78401980
78411980
78421980
78431980
78441980
78451980
78461980
78471980
78481980
78491980
78501980
78511980
78521980
78531980
78541980
78551980
78561980
78571980
78581980
78591980
78601980
78611980
78621980
78631980
78641980
78651980
78661980
78671980
78681980
78691980
78701980
78711980
78721980
78731980
78741980
78751980
78761980
78771980
78781980
78791980
78801980
78811980
78821980
78831980
78841980
78851980
78861980
78871980
78881980
78891980
78901980
78911980
78921980
78931980
78941980
78951980
78961980
78971980
78981980
78991980
79001980
79011980
79021980
79031980
79041980
79051980
79061980
79071980
79081980
79091980
79101980
79111980
79121980
79131980
79141980
79151980
79161980
79171980
79181980
79191980
79201980
79211980
79221980
79231980
79241980
79251980
79261980
79271980
79281980
79291980
79301980
79311980
79321980
79331980
79341980
79351980
79361980
79371980
79381980
79391980
79401980
79411980
79421980
79431980
79441980
79451980
79461980
79471980
79481980
79491980
79501980
79511980
79521980
79531980
79541980
79551980
79561980
79571980
79581980
79591980
79601980
79611980
79621980
79631980
79641980
79651980
79661980
79671980
79681980
79691980
79701980
79711980
79721980
79731980
79741980
79751980
79761980
79771980
79781980
79791980
79801980
79811980
79821980
79831980
79841980
79851980
79861980
79871980
79881980
79891980
79901980
79911980
79921980
79931980
79941980
79951980
79961980
79971980
79981980
79991980
80001980
80011980
80021980
80031980
80041980
80051980
80061980
80071980
80081980
80091980
80101980
80111980
80121980
80131980
80141980
80151980
80161980
80171980
80181980
80191980
80201980
80211980
80221980
80231980
80241980
80251980
80261980
80271980
80281980
80291980
80301980
80311980
80321980
80331980
80341980
80351980
80361980
80371980
80381980
80391980
80401980
80411980
80421980
80431980
80441980
80451980
80461980
80471980
80481980
80491980
80501980
80511980
80521980
80531980
80541980
80551980
80561980
80571980
80581980
80591980
80601980
80611980
80621980
80631980
80641980
80651980
80661980
80671980
80681980
80691980
80701980
80711980
80721980
80731980
80741980
80751980
80761980
80771980
80781980
80791980
80801980
80811980
80821980
80831980
80841980
80851980
80861980
80871980
80881980
80891980
80901980
80911980
80921980
80931980
80941980
80951980
80961980
80971980
80981980
80991980
81001980
81011980
81021980
81031980
81041980
81051980
81061980
81071980
81081980
81091980
81101980
81111980
81121980
81131980
81141980
81151980
81161980
81171980
81181980
81191980
81201980
81211980
81221980
81231980
81241980
81251980
81261980
81271980
81281980
81291980
81301980
81311980
81321980
81331980
81341980
81351980
81361980
81371980
81381980
81391980
81401980
81411980
81421980
81431980
81441980
81451980
81461980
81471980
81481980
81491980
81501980
81511980
81521980
81531980
81541980
81551980
81561980
81571980
81581980
81591980
81601980
81611980
81621980
81631980
81641980
81651980
81661980
81671980
81681980
81691980
81701980
81711980
81721980
81731980
81741980
81751980
81761980
81771980
81781980
81791980
81801980
81811980
81821980
81831980
81841980
81851980
81861980
81871980
81881980
81891980
81901980
81911980
81921980
81931980
81941980
81951980
81961980
81971980
81981980
81991980
82001980
82011980
82021980
82031980
82041980
82051980
82061980
82071980
82081980
82091980
82101980
82111980
82121980
82131980
82141980
82151980
82161980
82171980
82181980
82191980
82201980
82211980
82221980
82231980
82241980
82251980
82261980
82271980
82281980
82291980
82301980
82311980
82321980
82331980
82341980
82351980
82361980
82371980
82381980
82391980
82401980
82411980
82421980
82431980
82441980
82451980
82461980
82471980
82481980
82491980
82501980
82511980
82521980
82531980
82541980
82551980
82561980
82571980
82581980
82591980
82601980
82611980
82621980
82631980
82641980
82651980
82661980
82671980
82681980
82691980
82701980
82711980
82721980
82731980
82741980
82751980
82761980
82771980
82781980
82791980
82801980
82811980
82821980
82831980
82841980
82851980
82861980
82871980
82881980
82891980
82901980
82911980
82921980
82931980
82941980
82951980
82961980
82971980
82981980
82991980
83001980
83011980
83021980
83031980
83041980
83051980
83061980
83071980
83081980
83091980
83101980
83111980
83121980
83131980
83141980
83151980
83161980
83171980
83181980
83191980
83201980
83211980
83221980
83231980
83241980
83251980
83261980
83271980
83281980
83291980
83301980
83311980
83321980
83331980
83341980
83351980
83361980
83371980
83381980
83391980
83401980
83411980
83421980
83431980
83441980
83451980
83461980
83471980
83481980
83491980
83501980
83511980
83521980
83531980
83541980
83551980
83561980
83571980
83581980
83591980
83601980
83611980
83621980
83631980
83641980
83651980
83661980
83671980
83681980
83691980
83701980
83711980
83721980
83731980
83741980
83751980
83761980
83771980
83781980
83791980
83801980
83811980
83821980
83831980
83841980
83851980
83861980
83871980
83881980
83891980
83901980
83911980
83921980
83931980
83941980
83951980
83961980
83971980
83981980
83991980
84001980
84011980
84021980
84031980
84041980
84051980
84061980
84071980
84081980
84091980
84101980
84111980
84121980
84131980
84141980
84151980
84161980
84171980
84181980
84191980
84201980
84211980
84221980
84231980
84241980
84251980
84261980
84271980
84281980
84291980
84301980
84311980
84321980
84331980
84341980
84351980
84361980
84371980
84381980
84391980
84401980
84411980
84421980
84431980
84441980
84451980
84461980
84471980
84481980
84491980
84501980
84511980
84521980
84531980
84541980
84551980
84561980
84571980
84581980
84591980
84601980
84611980
84621980
84631980
84641980
84651980
84661980
84671980
84681980
84691980
84701980
84711980
84721980
84731980
84741980
84751980
84761980
84771980
84781980
84791980
84801980
84811980
84821980
84831980
84841980
84851980
84861980
84871980
84881980
84891980
84901980
84911980
84921980
84931980
84941980
84951980
84961980
84971980
84981980
84991980
85001980
85011980
85021980
85031980
85041980
85051980
85061980
85071980
85081980
85091980
85101980
85111980
85121980
85131980
85141980
85151980
85161980
85171980
85181980
85191980
85201980
85211980
85221980
85231980
85241980
85251980
85261980
85271980
85281980
85291980
85301980
85311980
85321980
85331980
85341980
85351980
85361980
85371980
85381980
85391980
85401980
85411980
85421980
85431980
85441980
85451980
85461980
85471980
85481980
85491980
85501980
85511980
85521980
85531980
85541980
85551980
85561980
85571980
85581980
85591980
85601980
85611980
85621980
85631980
85641980
85651980
85661980
85671980
85681980
85691980
85701980
85711980
85721980
85731980
85741980
85751980
85761980
85771980
85781980
85791980
85801980
85811980
85821980
85831980
85841980
85851980
85861980
85871980
85881980
85891980
85901980
85911980
85921980
85931980
85941980
85951980
85961980
85971980
85981980
85991980
86001980
86011980
86021980
86031980
86041980
86051980
86061980
86071980
86081980
86091980
86101980
86111980
86121980
86131980
86141980
86151980
86161980
86171980
86181980
86191980
86201980
86211980
86221980
86231980
86241980
86251980
86261980
86271980
86281980
86291980
86301980
86311980
86321980
86331980
86341980
86351980
86361980
86371980
86381980
86391980
86401980
86411980
86421980
86431980
86441980
86451980
86461980
86471980
86481980
86491980
86501980
86511980
86521980
86531980
86541980
86551980
86561980
86571980
86581980
86591980
86601980
86611980
86621980
86631980
86641980
86651980
86661980
86671980
86681980
86691980
86701980
86711980
86721980
86731980
86741980
86751980
86761980
86771980
86781980
86791980
86801980
86811980
86821980
86831980
86841980
86851980
86861980
86871980
86881980
86891980
86901980
86911980
86921980
86931980
86941980
86951980
86961980
86971980
86981980
86991980
87001980
87011980
87021980
87031980
87041980
87051980
87061980
87071980
87081980
87091980
87101980
87111980
87121980
87131980
87141980
87151980
87161980
87171980
87181980
87191980
87201980
87211980
87221980
87231980
87241980
87251980
87261980
87271980
87281980
87291980
87301980
87311980
87321980
87331980
87341980
87351980
87361980
87371980
87381980
87391980
87401980
87411980
87421980
87431980
87441980
87451980
87461980
87471980
87481980
87491980
87501980
87511980
87521980
87531980
87541980
87551980
87561980
87571980
87581980
87591980
87601980
87611980
87621980
87631980
87641980
87651980
87661980
87671980
87681980
87691980
87701980
87711980
87721980
87731980
87741980
87751980
87761980
87771980
87781980
87791980
87801980
87811980
87821980
87831980
87841980
87851980
87861980
87871980
87881980
87891980
87901980
87911980
87921980
87931980
87941980
87951980
87961980
87971980
87981980
87991980
88001980
88011980
88021980
88031980
88041980
88051980
88061980
88071980
88081980
88091980
88101980
88111980
88121980
88131980
88141980
88151980
88161980
88171980
88181980
88191980
88201980
88211980
88221980
88231980
88241980
88251980
88261980
88271980
88281980
88291980
88301980
88311980
88321980
88331980
88341980
88351980
88361980
88371980
88381980
88391980
88401980
88411980
88421980
88431980
88441980
88451980
88461980
88471980
88481980
88491980
88501980
88511980
88521980
88531980
88541980
88551980
88561980
88571980
88581980
88591980
88601980
88611980
88621980
88631980
88641980
88651980
88661980
88671980
88681980
88691980
88701980
88711980
88721980
88731980
88741980
88751980
88761980
88771980
88781980
88791980
88801980
88811980
88821980
88831980
88841980
88851980
88861980
88871980
88881980
88891980
88901980
88911980
88921980
88931980
88941980
88951980
88961980
88971980
88981980
88991980
89001980
89011980
89021980
89031980
89041980
89051980
89061980
89071980
89081980
89091980
89101980
89111980
89121980
89131980
89141980
89151980
89161980
89171980
89181980
89191980
89201980
89211980
89221980
89231980
89241980
89251980
89261980
89271980
89281980
89291980
89301980
89311980
89321980
89331980
89341980
89351980
89361980
89371980
89381980
89391980
89401980
89411980
89421980
89431980
89441980
89451980
89461980
89471980
89481980
89491980
89501980
89511980
89521980
89531980
89541980
89551980
89561980
89571980
89581980
89591980
89601980
89611980
89621980
89631980
89641980
89651980
89661980
89671980
89681980
89691980
89701980
89711980
89721980
89731980
89741980
89751980
89761980
89771980
89781980
89791980
89801980
89811980
89821980
89831980
89841980
89851980
89861980
89871980
89881980
89891980
89901980
89911980
89921980
89931980
89941980
89951980
89961980
89971980
89981980
89991980
90001980
90011980
90021980
90031980
90041980
90051980
90061980
90071980
90081980
90091980
90101980
90111980
90121980
90131980
90141980
90151980
90161980
90171980
90181980
90191980
90201980
90211980
90221980
90231980
90241980
90251980
90261980
90271980
90281980
90291980
90301980
90311980
90321980
90331980
90341980
90351980
90361980
90371980
90381980
90391980
90401980
90411980
90421980
90431980
90441980
90451980
90461980
90471980
90481980
90491980
90501980
90511980
90521980
90531980
90541980
90551980
90561980
90571980
90581980
90591980
90601980
90611980
90621980
90631980
90641980
90651980
90661980
90671980
90681980
90691980
90701980
90711980
90721980
90731980
90741980
90751980
90761980
90771980
90781980
90791980
90801980
90811980
90821980
90831980
90841980
90851980
90861980
90871980
90881980
90891980
90901980
90911980
90921980
90931980
90941980
90951980
90961980
90971980
90981980
90991980
91001980
91011980
91021980
91031980
91041980
91051980
91061980
91071980
91081980
91091980
91101980
91111980
91121980
91131980
91141980
91151980
91161980
91171980
91181980
91191980
91201980
91211980
91221980
91231980
91241980
91251980
91261980
91271980
91281980
91291980
91301980
91311980
91321980
91331980
91341980
91351980
91361980
91371980
91381980
91391980
91401980
91411980
91421980
91431980
91441980
91451980
91461980
91471980
91481980
91491980
91501980
91511980
91521980
91531980
91541980
91551980
91561980
91571980
91581980
91591980
91601980
91611980
91621980
91631980
91641980
91651980
91661980
91671980
91681980
91691980
91701980
91711980
91721980
91731980
91741980
91751980
91761980
91771980
91781980
91791980
91801980
91811980
91821980
91831980
91841980
91851980
91861980
91871980
91881980
91891980
91901980
91911980
91921980
91931980
91941980
91951980
91961980
91971980
91981980
91991980
92001980
92011980
92021980
92031980
92041980
92051980
92061980
92071980
92081980
92091980
92101980
92111980
92121980
92131980
92141980
92151980
92161980
92171980
92181980
92191980
92201980
92211980
92221980
92231980
92241980
92251980
92261980
92271980
92281980
92291980
92301980
92311980
92321980
92331980
92341980
92351980
92361980
92371980
92381980
92391980
92401980
92411980
92421980
92431980
92441980
92451980
92461980
92471980
92481980
92491980
92501980
92511980
92521980
92531980
92541980
92551980
92561980
92571980
92581980
92591980
92601980
92611980
92621980
92631980
92641980
92651980
92661980
92671980
92681980
92691980
92701980
92711980
92721980
92731980
92741980
92751980
92761980
92771980
92781980
92791980
92801980
92811980
92821980
92831980
92841980
92851980
92861980
92871980
92881980
92891980
92901980
92911980
92921980
92931980
92941980
92951980
92961980
92971980
92981980
92991980
93001980
93011980
93021980
93031980
93041980
93051980
93061980
93071980
93081980
93091980
93101980
93111980
93121980
93131980
93141980
93151980
93161980
93171980
93181980
93191980
93201980
93211980
93221980
93231980
93241980
93251980
93261980
93271980
93281980
93291980
93301980
93311980
93321980
93331980
93341980
93351980
93361980
93371980
93381980
93391980
93401980
93411980
93421980
93431980
93441980
93451980
93461980
93471980
93481980
93491980
93501980
93511980
93521980
93531980
93541980
93551980
93561980
93571980
93581980
93591980
93601980
93611980
93621980
93631980
93641980
93651980
93661980
93671980
93681980
93691980
93701980
93711980
93721980
93731980
93741980
93751980
93761980
93771980
93781980
93791980
93801980
93811980
93821980
93831980
93841980
93851980
93861980
93871980
93881980
93891980
93901980
93911980
93921980
93931980
93941980
93951980
93961980
93971980
93981980
93991980
94001980
94011980
94021980
94031980
94041980
94051980
94061980
94071980
94081980
94091980
94101980
94111980
94121980
94131980
94141980
94151980
94161980
94171980
94181980
94191980
94201980
94211980
94221980
94231980
94241980
94251980
94261980
94271980
94281980
94291980
94301980
94311980
94321980
94331980
94341980
94351980
94361980
94371980
94381980
94391980
94401980
94411980
94421980
94431980
94441980
94451980
94461980
94471980
94481980
94491980
94501980
94511980
94521980
94531980
94541980
94551980
94561980
94571980
94581980
94591980
94601980
94611980
94621980
94631980
94641980
94651980
94661980
94671980
94681980
94691980
94701980
94711980
94721980
94731980
94741980
94751980
94761980
94771980
94781980
94791980
94801980
94811980
94821980
94831980
94841980
94851980
94861980
94871980
94881980
94891980
94901980
94911980
94921980
94931980
94941980
94951980
94961980
94971980
94981980
94991980
95001980
95011980
95021980
95031980
95041980
95051980
95061980
95071980
95081980
95091980
95101980
95111980
95121980
95131980
95141980
95151980
95161980
95171980
95181980
95191980
95201980
95211980
95221980
95231980
95241980
95251980
95261980
95271980
95281980
95291980
95301980
95311980
95321980
95331980
95341980
95351980
95361980
95371980
95381980
95391980
95401980
95411980
95421980
95431980
95441980
95451980
95461980
95471980
95481980
95491980
95501980
95511980
95521980
95531980
95541980
95551980
95561980
95571980
95581980
95591980
95601980
95611980
95621980
95631980
95641980
95651980
95661980
95671980
95681980
95691980
95701980
95711980
95721980
95731980
95741980
95751980
95761980
95771980
95781980
95791980
95801980
95811980
95821980
95831980
95841980
95851980
95861980
95871980
95881980
95891980
95901980
95911980
95921980
95931980
95941980
95951980
95961980
95971980
95981980
95991980
96001980
96011980
96021980
96031980
96041980
96051980
96061980
96071980
96081980
96091980
96101980
96111980
96121980
96131980
96141980
96151980
96161980
96171980
96181980
96191980
96201980
96211980
96221980
96231980
96241980
96251980
96261980
96271980
96281980
96291980
96301980
96311980
96321980
96331980
96341980
96351980
96361980
96371980
96381980
96391980
96401980
96411980
96421980
96431980
96441980
96451980
96461980
96471980
96481980
96491980
96501980
96511980
96521980
96531980
96541980
96551980
96561980
96571980
96581980
96591980
96601980
96611980
96621980
96631980
96641980
96651980
96661980
96671980
96681980
96691980
96701980
96711980
96721980
96731980
96741980
96751980
96761980
96771980
96781980
96791980
96801980
96811980
96821980
96831980
96841980
96851980
96861980
96871980
96881980
96891980
96901980
96911980
96921980
96931980
96941980
96951980
96961980
96971980
96981980
96991980
97001980
97011980
97021980
97031980
97041980
97051980
97061980
97071980
97081980
97091980
97101980
97111980
97121980
97131980
97141980
97151980
97161980
97171980
97181980
97191980
97201980
97211980
97221980
97231980
97241980
97251980
97261980
97271980
97281980
97291980
97301980
97311980
97321980
97331980
97341980
97351980
97361980
97371980
97381980
97391980
97401980
97411980
97421980
97431980
97441980
97451980
97461980
97471980
97481980
97491980
97501980
97511980
97521980
97531980
97541980
97551980
97561980
97571980
97581980
97591980
97601980
97611980
97621980
97631980
97641980
97651980
97661980
97671980
97681980
97691980
97701980
97711980
97721980
97731980
97741980
97751980
97761980
97771980
97781980
97791980
97801980
97811980
97821980
97831980
97841980
97851980
97861980
97871980
97881980
97891980
97901980
97911980
97921980
97931980
97941980
97951980
97961980
97971980
97981980
97991980
98001980
98011980
98021980
98031980
98041980
98051980
98061980
98071980
98081980
98091980
98101980
98111980
98121980
98131980
98141980
98151980
98161980
98171980
98181980
98191980
98201980
98211980
98221980
98231980
98241980
98251980
98261980
98271980
98281980
98291980
98301980
98311980
98321980
98331980
98341980
98351980
98361980
98371980
98381980
98391980
98401980
98411980
98421980
98431980
98441980
98451980
98461980
98471980
98481980
98491980
98501980
98511980
98521980
98531980
98541980
98551980
98561980
98571980
98581980
98591980
98601980
98611980
98621980
98631980
98641980
98651980
98661980
98671980
98681980
98691980
98701980
98711980
98721980
98731980
98741980
98751980
98761980
98771980
98781980
98791980
98801980
98811980
98821980
98831980
98841980
98851980
98861980
98871980
98881980
98891980
98901980
98911980
98921980
98931980
98941980
98951980
98961980
98971980
98981980
98991980
99001980
99011980
99021980
99031980
99041980
99051980
99061980
99071980
99081980
99091980
99101980
99111980
99121980
99131980
99141980
99151980
99161980
99171980
99181980
99191980
99201980
99211980
99221980
99231980
99241980
99251980
99261980
99271980
99281980
99291980
99301980
99311980
99321980
99331980
99341980
99351980
99361980
99371980
99381980
99391980
99401980
99411980
99421980
99431980
99441980
99451980
99461980
99471980
99481980
99491980
99501980
99511980
99521980
99531980
99541980
99551980
99561980
99571980
99581980
99591980
99601980
99611980
99621980
99631980
99641980
99651980
99661980
99671980
99681980
99691980
99701980
99711980
99721980
99731980
99741980
99751980
99761980
99771980
99781980
99791980
99801980
99811980
99821980
99831980
99841980
99851980
99861980
99871980
99881980
99891980
99901980
99911980
99921980
99931980
99941980
99951980
99961980
99971980
99981980
99991980
