00001988
00011988
00021988
00031988
00041988
00051988
00061988
00071988
00081988
00091988
00101988
00111988
00121988
00131988
00141988
00151988
00161988
00171988
00181988
00191988
00201988
00211988
00221988
00231988
00241988
00251988
00261988
00271988
00281988
00291988
00301988
00311988
00321988
00331988
00341988
00351988
00361988
00371988
00381988
00391988
00401988
00411988
00421988
00431988
00441988
00451988
00461988
00471988
00481988
00491988
00501988
00511988
00521988
00531988
00541988
00551988
00561988
00571988
00581988
00591988
00601988
00611988
00621988
00631988
00641988
00651988
00661988
00671988
00681988
00691988
00701988
00711988
00721988
00731988
00741988
00751988
00761988
00771988
00781988
00791988
00801988
00811988
00821988
00831988
00841988
00851988
00861988
00871988
00881988
00891988
00901988
00911988
00921988
00931988
00941988
00951988
00961988
00971988
00981988
00991988
01001988
01011988
01021988
01031988
01041988
01051988
01061988
01071988
01081988
01091988
01101988
01111988
01121988
01131988
01141988
01151988
01161988
01171988
01181988
01191988
01201988
01211988
01221988
01231988
01241988
01251988
01261988
01271988
01281988
01291988
01301988
01311988
01321988
01331988
01341988
01351988
01361988
01371988
01381988
01391988
01401988
01411988
01421988
01431988
01441988
01451988
01461988
01471988
01481988
01491988
01501988
01511988
01521988
01531988
01541988
01551988
01561988
01571988
01581988
01591988
01601988
01611988
01621988
01631988
01641988
01651988
01661988
01671988
01681988
01691988
01701988
01711988
01721988
01731988
01741988
01751988
01761988
01771988
01781988
01791988
01801988
01811988
01821988
01831988
01841988
01851988
01861988
01871988
01881988
01891988
01901988
01911988
01921988
01931988
01941988
01951988
01961988
01971988
01981988
01991988
02001988
02011988
02021988
02031988
02041988
02051988
02061988
02071988
02081988
02091988
02101988
02111988
02121988
02131988
02141988
02151988
02161988
02171988
02181988
02191988
02201988
02211988
02221988
02231988
02241988
02251988
02261988
02271988
02281988
02291988
02301988
02311988
02321988
02331988
02341988
02351988
02361988
02371988
02381988
02391988
02401988
02411988
02421988
02431988
02441988
02451988
02461988
02471988
02481988
02491988
02501988
02511988
02521988
02531988
02541988
02551988
02561988
02571988
02581988
02591988
02601988
02611988
02621988
02631988
02641988
02651988
02661988
02671988
02681988
02691988
02701988
02711988
02721988
02731988
02741988
02751988
02761988
02771988
02781988
02791988
02801988
02811988
02821988
02831988
02841988
02851988
02861988
02871988
02881988
02891988
02901988
02911988
02921988
02931988
02941988
02951988
02961988
02971988
02981988
02991988
03001988
03011988
03021988
03031988
03041988
03051988
03061988
03071988
03081988
03091988
03101988
03111988
03121988
03131988
03141988
03151988
03161988
03171988
03181988
03191988
03201988
03211988
03221988
03231988
03241988
03251988
03261988
03271988
03281988
03291988
03301988
03311988
03321988
03331988
03341988
03351988
03361988
03371988
03381988
03391988
03401988
03411988
03421988
03431988
03441988
03451988
03461988
03471988
03481988
03491988
03501988
03511988
03521988
03531988
03541988
03551988
03561988
03571988
03581988
03591988
03601988
03611988
03621988
03631988
03641988
03651988
03661988
03671988
03681988
03691988
03701988
03711988
03721988
03731988
03741988
03751988
03761988
03771988
03781988
03791988
03801988
03811988
03821988
03831988
03841988
03851988
03861988
03871988
03881988
03891988
03901988
03911988
03921988
03931988
03941988
03951988
03961988
03971988
03981988
03991988
04001988
04011988
04021988
04031988
04041988
04051988
04061988
04071988
04081988
04091988
04101988
04111988
04121988
04131988
04141988
04151988
04161988
04171988
04181988
04191988
04201988
04211988
04221988
04231988
04241988
04251988
04261988
04271988
04281988
04291988
04301988
04311988
04321988
04331988
04341988
04351988
04361988
04371988
04381988
04391988
04401988
04411988
04421988
04431988
04441988
04451988
04461988
04471988
04481988
04491988
04501988
04511988
04521988
04531988
04541988
04551988
04561988
04571988
04581988
04591988
04601988
04611988
04621988
04631988
04641988
04651988
04661988
04671988
04681988
04691988
04701988
04711988
04721988
04731988
04741988
04751988
04761988
04771988
04781988
04791988
04801988
04811988
04821988
04831988
04841988
04851988
04861988
04871988
04881988
04891988
04901988
04911988
04921988
04931988
04941988
04951988
04961988
04971988
04981988
04991988
05001988
05011988
05021988
05031988
05041988
05051988
05061988
05071988
05081988
05091988
05101988
05111988
05121988
05131988
05141988
05151988
05161988
05171988
05181988
05191988
05201988
05211988
05221988
05231988
05241988
05251988
05261988
05271988
05281988
05291988
05301988
05311988
05321988
05331988
05341988
05351988
05361988
05371988
05381988
05391988
05401988
05411988
05421988
05431988
05441988
05451988
05461988
05471988
05481988
05491988
05501988
05511988
05521988
05531988
05541988
05551988
05561988
05571988
05581988
05591988
05601988
05611988
05621988
05631988
05641988
05651988
05661988
05671988
05681988
05691988
05701988
05711988
05721988
05731988
05741988
05751988
05761988
05771988
05781988
05791988
05801988
05811988
05821988
05831988
05841988
05851988
05861988
05871988
05881988
05891988
05901988
05911988
05921988
05931988
05941988
05951988
05961988
05971988
05981988
05991988
06001988
06011988
06021988
06031988
06041988
06051988
06061988
06071988
06081988
06091988
06101988
06111988
06121988
06131988
06141988
06151988
06161988
06171988
06181988
06191988
06201988
06211988
06221988
06231988
06241988
06251988
06261988
06271988
06281988
06291988
06301988
06311988
06321988
06331988
06341988
06351988
06361988
06371988
06381988
06391988
06401988
06411988
06421988
06431988
06441988
06451988
06461988
06471988
06481988
06491988
06501988
06511988
06521988
06531988
06541988
06551988
06561988
06571988
06581988
06591988
06601988
06611988
06621988
06631988
06641988
06651988
06661988
06671988
06681988
06691988
06701988
06711988
06721988
06731988
06741988
06751988
06761988
06771988
06781988
06791988
06801988
06811988
06821988
06831988
06841988
06851988
06861988
06871988
06881988
06891988
06901988
06911988
06921988
06931988
06941988
06951988
06961988
06971988
06981988
06991988
07001988
07011988
07021988
07031988
07041988
07051988
07061988
07071988
07081988
07091988
07101988
07111988
07121988
07131988
07141988
07151988
07161988
07171988
07181988
07191988
07201988
07211988
07221988
07231988
07241988
07251988
07261988
07271988
07281988
07291988
07301988
07311988
07321988
07331988
07341988
07351988
07361988
07371988
07381988
07391988
07401988
07411988
07421988
07431988
07441988
07451988
07461988
07471988
07481988
07491988
07501988
07511988
07521988
07531988
07541988
07551988
07561988
07571988
07581988
07591988
07601988
07611988
07621988
07631988
07641988
07651988
07661988
07671988
07681988
07691988
07701988
07711988
07721988
07731988
07741988
07751988
07761988
07771988
07781988
07791988
07801988
07811988
07821988
07831988
07841988
07851988
07861988
07871988
07881988
07891988
07901988
07911988
07921988
07931988
07941988
07951988
07961988
07971988
07981988
07991988
08001988
08011988
08021988
08031988
08041988
08051988
08061988
08071988
08081988
08091988
08101988
08111988
08121988
08131988
08141988
08151988
08161988
08171988
08181988
08191988
08201988
08211988
08221988
08231988
08241988
08251988
08261988
08271988
08281988
08291988
08301988
08311988
08321988
08331988
08341988
08351988
08361988
08371988
08381988
08391988
08401988
08411988
08421988
08431988
08441988
08451988
08461988
08471988
08481988
08491988
08501988
08511988
08521988
08531988
08541988
08551988
08561988
08571988
08581988
08591988
08601988
08611988
08621988
08631988
08641988
08651988
08661988
08671988
08681988
08691988
08701988
08711988
08721988
08731988
08741988
08751988
08761988
08771988
08781988
08791988
08801988
08811988
08821988
08831988
08841988
08851988
08861988
08871988
08881988
08891988
08901988
08911988
08921988
08931988
08941988
08951988
08961988
08971988
08981988
08991988
09001988
09011988
09021988
09031988
09041988
09051988
09061988
09071988
09081988
09091988
09101988
09111988
09121988
09131988
09141988
09151988
09161988
09171988
09181988
09191988
09201988
09211988
09221988
09231988
09241988
09251988
09261988
09271988
09281988
09291988
09301988
09311988
09321988
09331988
09341988
09351988
09361988
09371988
09381988
09391988
09401988
09411988
09421988
09431988
09441988
09451988
09461988
09471988
09481988
09491988
09501988
09511988
09521988
09531988
09541988
09551988
09561988
09571988
09581988
09591988
09601988
09611988
09621988
09631988
09641988
09651988
09661988
09671988
09681988
09691988
09701988
09711988
09721988
09731988
09741988
09751988
09761988
09771988
09781988
09791988
09801988
09811988
09821988
09831988
09841988
09851988
09861988
09871988
09881988
09891988
09901988
09911988
09921988
09931988
09941988
09951988
09961988
09971988
09981988
09991988
10001988
10011988
10021988
10031988
10041988
10051988
10061988
10071988
10081988
10091988
10101988
10111988
10121988
10131988
10141988
10151988
10161988
10171988
10181988
10191988
10201988
10211988
10221988
10231988
10241988
10251988
10261988
10271988
10281988
10291988
10301988
10311988
10321988
10331988
10341988
10351988
10361988
10371988
10381988
10391988
10401988
10411988
10421988
10431988
10441988
10451988
10461988
10471988
10481988
10491988
10501988
10511988
10521988
10531988
10541988
10551988
10561988
10571988
10581988
10591988
10601988
10611988
10621988
10631988
10641988
10651988
10661988
10671988
10681988
10691988
10701988
10711988
10721988
10731988
10741988
10751988
10761988
10771988
10781988
10791988
10801988
10811988
10821988
10831988
10841988
10851988
10861988
10871988
10881988
10891988
10901988
10911988
10921988
10931988
10941988
10951988
10961988
10971988
10981988
10991988
11001988
11011988
11021988
11031988
11041988
11051988
11061988
11071988
11081988
11091988
11101988
11111988
11121988
11131988
11141988
11151988
11161988
11171988
11181988
11191988
11201988
11211988
11221988
11231988
11241988
11251988
11261988
11271988
11281988
11291988
11301988
11311988
11321988
11331988
11341988
11351988
11361988
11371988
11381988
11391988
11401988
11411988
11421988
11431988
11441988
11451988
11461988
11471988
11481988
11491988
11501988
11511988
11521988
11531988
11541988
11551988
11561988
11571988
11581988
11591988
11601988
11611988
11621988
11631988
11641988
11651988
11661988
11671988
11681988
11691988
11701988
11711988
11721988
11731988
11741988
11751988
11761988
11771988
11781988
11791988
11801988
11811988
11821988
11831988
11841988
11851988
11861988
11871988
11881988
11891988
11901988
11911988
11921988
11931988
11941988
11951988
11961988
11971988
11981988
11991988
12001988
12011988
12021988
12031988
12041988
12051988
12061988
12071988
12081988
12091988
12101988
12111988
12121988
12131988
12141988
12151988
12161988
12171988
12181988
12191988
12201988
12211988
12221988
12231988
12241988
12251988
12261988
12271988
12281988
12291988
12301988
12311988
12321988
12331988
12341988
12351988
12361988
12371988
12381988
12391988
12401988
12411988
12421988
12431988
12441988
12451988
12461988
12471988
12481988
12491988
12501988
12511988
12521988
12531988
12541988
12551988
12561988
12571988
12581988
12591988
12601988
12611988
12621988
12631988
12641988
12651988
12661988
12671988
12681988
12691988
12701988
12711988
12721988
12731988
12741988
12751988
12761988
12771988
12781988
12791988
12801988
12811988
12821988
12831988
12841988
12851988
12861988
12871988
12881988
12891988
12901988
12911988
12921988
12931988
12941988
12951988
12961988
12971988
12981988
12991988
13001988
13011988
13021988
13031988
13041988
13051988
13061988
13071988
13081988
13091988
13101988
13111988
13121988
13131988
13141988
13151988
13161988
13171988
13181988
13191988
13201988
13211988
13221988
13231988
13241988
13251988
13261988
13271988
13281988
13291988
13301988
13311988
13321988
13331988
13341988
13351988
13361988
13371988
13381988
13391988
13401988
13411988
13421988
13431988
13441988
13451988
13461988
13471988
13481988
13491988
13501988
13511988
13521988
13531988
13541988
13551988
13561988
13571988
13581988
13591988
13601988
13611988
13621988
13631988
13641988
13651988
13661988
13671988
13681988
13691988
13701988
13711988
13721988
13731988
13741988
13751988
13761988
13771988
13781988
13791988
13801988
13811988
13821988
13831988
13841988
13851988
13861988
13871988
13881988
13891988
13901988
13911988
13921988
13931988
13941988
13951988
13961988
13971988
13981988
13991988
14001988
14011988
14021988
14031988
14041988
14051988
14061988
14071988
14081988
14091988
14101988
14111988
14121988
14131988
14141988
14151988
14161988
14171988
14181988
14191988
14201988
14211988
14221988
14231988
14241988
14251988
14261988
14271988
14281988
14291988
14301988
14311988
14321988
14331988
14341988
14351988
14361988
14371988
14381988
14391988
14401988
14411988
14421988
14431988
14441988
14451988
14461988
14471988
14481988
14491988
14501988
14511988
14521988
14531988
14541988
14551988
14561988
14571988
14581988
14591988
14601988
14611988
14621988
14631988
14641988
14651988
14661988
14671988
14681988
14691988
14701988
14711988
14721988
14731988
14741988
14751988
14761988
14771988
14781988
14791988
14801988
14811988
14821988
14831988
14841988
14851988
14861988
14871988
14881988
14891988
14901988
14911988
14921988
14931988
14941988
14951988
14961988
14971988
14981988
14991988
15001988
15011988
15021988
15031988
15041988
15051988
15061988
15071988
15081988
15091988
15101988
15111988
15121988
15131988
15141988
15151988
15161988
15171988
15181988
15191988
15201988
15211988
15221988
15231988
15241988
15251988
15261988
15271988
15281988
15291988
15301988
15311988
15321988
15331988
15341988
15351988
15361988
15371988
15381988
15391988
15401988
15411988
15421988
15431988
15441988
15451988
15461988
15471988
15481988
15491988
15501988
15511988
15521988
15531988
15541988
15551988
15561988
15571988
15581988
15591988
15601988
15611988
15621988
15631988
15641988
15651988
15661988
15671988
15681988
15691988
15701988
15711988
15721988
15731988
15741988
15751988
15761988
15771988
15781988
15791988
15801988
15811988
15821988
15831988
15841988
15851988
15861988
15871988
15881988
15891988
15901988
15911988
15921988
15931988
15941988
15951988
15961988
15971988
15981988
15991988
16001988
16011988
16021988
16031988
16041988
16051988
16061988
16071988
16081988
16091988
16101988
16111988
16121988
16131988
16141988
16151988
16161988
16171988
16181988
16191988
16201988
16211988
16221988
16231988
16241988
16251988
16261988
16271988
16281988
16291988
16301988
16311988
16321988
16331988
16341988
16351988
16361988
16371988
16381988
16391988
16401988
16411988
16421988
16431988
16441988
16451988
16461988
16471988
16481988
16491988
16501988
16511988
16521988
16531988
16541988
16551988
16561988
16571988
16581988
16591988
16601988
16611988
16621988
16631988
16641988
16651988
16661988
16671988
16681988
16691988
16701988
16711988
16721988
16731988
16741988
16751988
16761988
16771988
16781988
16791988
16801988
16811988
16821988
16831988
16841988
16851988
16861988
16871988
16881988
16891988
16901988
16911988
16921988
16931988
16941988
16951988
16961988
16971988
16981988
16991988
17001988
17011988
17021988
17031988
17041988
17051988
17061988
17071988
17081988
17091988
17101988
17111988
17121988
17131988
17141988
17151988
17161988
17171988
17181988
17191988
17201988
17211988
17221988
17231988
17241988
17251988
17261988
17271988
17281988
17291988
17301988
17311988
17321988
17331988
17341988
17351988
17361988
17371988
17381988
17391988
17401988
17411988
17421988
17431988
17441988
17451988
17461988
17471988
17481988
17491988
17501988
17511988
17521988
17531988
17541988
17551988
17561988
17571988
17581988
17591988
17601988
17611988
17621988
17631988
17641988
17651988
17661988
17671988
17681988
17691988
17701988
17711988
17721988
17731988
17741988
17751988
17761988
17771988
17781988
17791988
17801988
17811988
17821988
17831988
17841988
17851988
17861988
17871988
17881988
17891988
17901988
17911988
17921988
17931988
17941988
17951988
17961988
17971988
17981988
17991988
18001988
18011988
18021988
18031988
18041988
18051988
18061988
18071988
18081988
18091988
18101988
18111988
18121988
18131988
18141988
18151988
18161988
18171988
18181988
18191988
18201988
18211988
18221988
18231988
18241988
18251988
18261988
18271988
18281988
18291988
18301988
18311988
18321988
18331988
18341988
18351988
18361988
18371988
18381988
18391988
18401988
18411988
18421988
18431988
18441988
18451988
18461988
18471988
18481988
18491988
18501988
18511988
18521988
18531988
18541988
18551988
18561988
18571988
18581988
18591988
18601988
18611988
18621988
18631988
18641988
18651988
18661988
18671988
18681988
18691988
18701988
18711988
18721988
18731988
18741988
18751988
18761988
18771988
18781988
18791988
18801988
18811988
18821988
18831988
18841988
18851988
18861988
18871988
18881988
18891988
18901988
18911988
18921988
18931988
18941988
18951988
18961988
18971988
18981988
18991988
19001988
19011988
19021988
19031988
19041988
19051988
19061988
19071988
19081988
19091988
19101988
19111988
19121988
19131988
19141988
19151988
19161988
19171988
19181988
19191988
19201988
19211988
19221988
19231988
19241988
19251988
19261988
19271988
19281988
19291988
19301988
19311988
19321988
19331988
19341988
19351988
19361988
19371988
19381988
19391988
19401988
19411988
19421988
19431988
19441988
19451988
19461988
19471988
19481988
19491988
19501988
19511988
19521988
19531988
19541988
19551988
19561988
19571988
19581988
19591988
19601988
19611988
19621988
19631988
19641988
19651988
19661988
19671988
19681988
19691988
19701988
19711988
19721988
19731988
19741988
19751988
19761988
19771988
19781988
19791988
19801988
19811988
19821988
19831988
19841988
19851988
19861988
19871988
19881988
19891988
19901988
19911988
19921988
19931988
19941988
19951988
19961988
19971988
19981988
19991988
20001988
20011988
20021988
20031988
20041988
20051988
20061988
20071988
20081988
20091988
20101988
20111988
20121988
20131988
20141988
20151988
20161988
20171988
20181988
20191988
20201988
20211988
20221988
20231988
20241988
20251988
20261988
20271988
20281988
20291988
20301988
20311988
20321988
20331988
20341988
20351988
20361988
20371988
20381988
20391988
20401988
20411988
20421988
20431988
20441988
20451988
20461988
20471988
20481988
20491988
20501988
20511988
20521988
20531988
20541988
20551988
20561988
20571988
20581988
20591988
20601988
20611988
20621988
20631988
20641988
20651988
20661988
20671988
20681988
20691988
20701988
20711988
20721988
20731988
20741988
20751988
20761988
20771988
20781988
20791988
20801988
20811988
20821988
20831988
20841988
20851988
20861988
20871988
20881988
20891988
20901988
20911988
20921988
20931988
20941988
20951988
20961988
20971988
20981988
20991988
21001988
21011988
21021988
21031988
21041988
21051988
21061988
21071988
21081988
21091988
21101988
21111988
21121988
21131988
21141988
21151988
21161988
21171988
21181988
21191988
21201988
21211988
21221988
21231988
21241988
21251988
21261988
21271988
21281988
21291988
21301988
21311988
21321988
21331988
21341988
21351988
21361988
21371988
21381988
21391988
21401988
21411988
21421988
21431988
21441988
21451988
21461988
21471988
21481988
21491988
21501988
21511988
21521988
21531988
21541988
21551988
21561988
21571988
21581988
21591988
21601988
21611988
21621988
21631988
21641988
21651988
21661988
21671988
21681988
21691988
21701988
21711988
21721988
21731988
21741988
21751988
21761988
21771988
21781988
21791988
21801988
21811988
21821988
21831988
21841988
21851988
21861988
21871988
21881988
21891988
21901988
21911988
21921988
21931988
21941988
21951988
21961988
21971988
21981988
21991988
22001988
22011988
22021988
22031988
22041988
22051988
22061988
22071988
22081988
22091988
22101988
22111988
22121988
22131988
22141988
22151988
22161988
22171988
22181988
22191988
22201988
22211988
22221988
22231988
22241988
22251988
22261988
22271988
22281988
22291988
22301988
22311988
22321988
22331988
22341988
22351988
22361988
22371988
22381988
22391988
22401988
22411988
22421988
22431988
22441988
22451988
22461988
22471988
22481988
22491988
22501988
22511988
22521988
22531988
22541988
22551988
22561988
22571988
22581988
22591988
22601988
22611988
22621988
22631988
22641988
22651988
22661988
22671988
22681988
22691988
22701988
22711988
22721988
22731988
22741988
22751988
22761988
22771988
22781988
22791988
22801988
22811988
22821988
22831988
22841988
22851988
22861988
22871988
22881988
22891988
22901988
22911988
22921988
22931988
22941988
22951988
22961988
22971988
22981988
22991988
23001988
23011988
23021988
23031988
23041988
23051988
23061988
23071988
23081988
23091988
23101988
23111988
23121988
23131988
23141988
23151988
23161988
23171988
23181988
23191988
23201988
23211988
23221988
23231988
23241988
23251988
23261988
23271988
23281988
23291988
23301988
23311988
23321988
23331988
23341988
23351988
23361988
23371988
23381988
23391988
23401988
23411988
23421988
23431988
23441988
23451988
23461988
23471988
23481988
23491988
23501988
23511988
23521988
23531988
23541988
23551988
23561988
23571988
23581988
23591988
23601988
23611988
23621988
23631988
23641988
23651988
23661988
23671988
23681988
23691988
23701988
23711988
23721988
23731988
23741988
23751988
23761988
23771988
23781988
23791988
23801988
23811988
23821988
23831988
23841988
23851988
23861988
23871988
23881988
23891988
23901988
23911988
23921988
23931988
23941988
23951988
23961988
23971988
23981988
23991988
24001988
24011988
24021988
24031988
24041988
24051988
24061988
24071988
24081988
24091988
24101988
24111988
24121988
24131988
24141988
24151988
24161988
24171988
24181988
24191988
24201988
24211988
24221988
24231988
24241988
24251988
24261988
24271988
24281988
24291988
24301988
24311988
24321988
24331988
24341988
24351988
24361988
24371988
24381988
24391988
24401988
24411988
24421988
24431988
24441988
24451988
24461988
24471988
24481988
24491988
24501988
24511988
24521988
24531988
24541988
24551988
24561988
24571988
24581988
24591988
24601988
24611988
24621988
24631988
24641988
24651988
24661988
24671988
24681988
24691988
24701988
24711988
24721988
24731988
24741988
24751988
24761988
24771988
24781988
24791988
24801988
24811988
24821988
24831988
24841988
24851988
24861988
24871988
24881988
24891988
24901988
24911988
24921988
24931988
24941988
24951988
24961988
24971988
24981988
24991988
25001988
25011988
25021988
25031988
25041988
25051988
25061988
25071988
25081988
25091988
25101988
25111988
25121988
25131988
25141988
25151988
25161988
25171988
25181988
25191988
25201988
25211988
25221988
25231988
25241988
25251988
25261988
25271988
25281988
25291988
25301988
25311988
25321988
25331988
25341988
25351988
25361988
25371988
25381988
25391988
25401988
25411988
25421988
25431988
25441988
25451988
25461988
25471988
25481988
25491988
25501988
25511988
25521988
25531988
25541988
25551988
25561988
25571988
25581988
25591988
25601988
25611988
25621988
25631988
25641988
25651988
25661988
25671988
25681988
25691988
25701988
25711988
25721988
25731988
25741988
25751988
25761988
25771988
25781988
25791988
25801988
25811988
25821988
25831988
25841988
25851988
25861988
25871988
25881988
25891988
25901988
25911988
25921988
25931988
25941988
25951988
25961988
25971988
25981988
25991988
26001988
26011988
26021988
26031988
26041988
26051988
26061988
26071988
26081988
26091988
26101988
26111988
26121988
26131988
26141988
26151988
26161988
26171988
26181988
26191988
26201988
26211988
26221988
26231988
26241988
26251988
26261988
26271988
26281988
26291988
26301988
26311988
26321988
26331988
26341988
26351988
26361988
26371988
26381988
26391988
26401988
26411988
26421988
26431988
26441988
26451988
26461988
26471988
26481988
26491988
26501988
26511988
26521988
26531988
26541988
26551988
26561988
26571988
26581988
26591988
26601988
26611988
26621988
26631988
26641988
26651988
26661988
26671988
26681988
26691988
26701988
26711988
26721988
26731988
26741988
26751988
26761988
26771988
26781988
26791988
26801988
26811988
26821988
26831988
26841988
26851988
26861988
26871988
26881988
26891988
26901988
26911988
26921988
26931988
26941988
26951988
26961988
26971988
26981988
26991988
27001988
27011988
27021988
27031988
27041988
27051988
27061988
27071988
27081988
27091988
27101988
27111988
27121988
27131988
27141988
27151988
27161988
27171988
27181988
27191988
27201988
27211988
27221988
27231988
27241988
27251988
27261988
27271988
27281988
27291988
27301988
27311988
27321988
27331988
27341988
27351988
27361988
27371988
27381988
27391988
27401988
27411988
27421988
27431988
27441988
27451988
27461988
27471988
27481988
27491988
27501988
27511988
27521988
27531988
27541988
27551988
27561988
27571988
27581988
27591988
27601988
27611988
27621988
27631988
27641988
27651988
27661988
27671988
27681988
27691988
27701988
27711988
27721988
27731988
27741988
27751988
27761988
27771988
27781988
27791988
27801988
27811988
27821988
27831988
27841988
27851988
27861988
27871988
27881988
27891988
27901988
27911988
27921988
27931988
27941988
27951988
27961988
27971988
27981988
27991988
28001988
28011988
28021988
28031988
28041988
28051988
28061988
28071988
28081988
28091988
28101988
28111988
28121988
28131988
28141988
28151988
28161988
28171988
28181988
28191988
28201988
28211988
28221988
28231988
28241988
28251988
28261988
28271988
28281988
28291988
28301988
28311988
28321988
28331988
28341988
28351988
28361988
28371988
28381988
28391988
28401988
28411988
28421988
28431988
28441988
28451988
28461988
28471988
28481988
28491988
28501988
28511988
28521988
28531988
28541988
28551988
28561988
28571988
28581988
28591988
28601988
28611988
28621988
28631988
28641988
28651988
28661988
28671988
28681988
28691988
28701988
28711988
28721988
28731988
28741988
28751988
28761988
28771988
28781988
28791988
28801988
28811988
28821988
28831988
28841988
28851988
28861988
28871988
28881988
28891988
28901988
28911988
28921988
28931988
28941988
28951988
28961988
28971988
28981988
28991988
29001988
29011988
29021988
29031988
29041988
29051988
29061988
29071988
29081988
29091988
29101988
29111988
29121988
29131988
29141988
29151988
29161988
29171988
29181988
29191988
29201988
29211988
29221988
29231988
29241988
29251988
29261988
29271988
29281988
29291988
29301988
29311988
29321988
29331988
29341988
29351988
29361988
29371988
29381988
29391988
29401988
29411988
29421988
29431988
29441988
29451988
29461988
29471988
29481988
29491988
29501988
29511988
29521988
29531988
29541988
29551988
29561988
29571988
29581988
29591988
29601988
29611988
29621988
29631988
29641988
29651988
29661988
29671988
29681988
29691988
29701988
29711988
29721988
29731988
29741988
29751988
29761988
29771988
29781988
29791988
29801988
29811988
29821988
29831988
29841988
29851988
29861988
29871988
29881988
29891988
29901988
29911988
29921988
29931988
29941988
29951988
29961988
29971988
29981988
29991988
30001988
30011988
30021988
30031988
30041988
30051988
30061988
30071988
30081988
30091988
30101988
30111988
30121988
30131988
30141988
30151988
30161988
30171988
30181988
30191988
30201988
30211988
30221988
30231988
30241988
30251988
30261988
30271988
30281988
30291988
30301988
30311988
30321988
30331988
30341988
30351988
30361988
30371988
30381988
30391988
30401988
30411988
30421988
30431988
30441988
30451988
30461988
30471988
30481988
30491988
30501988
30511988
30521988
30531988
30541988
30551988
30561988
30571988
30581988
30591988
30601988
30611988
30621988
30631988
30641988
30651988
30661988
30671988
30681988
30691988
30701988
30711988
30721988
30731988
30741988
30751988
30761988
30771988
30781988
30791988
30801988
30811988
30821988
30831988
30841988
30851988
30861988
30871988
30881988
30891988
30901988
30911988
30921988
30931988
30941988
30951988
30961988
30971988
30981988
30991988
31001988
31011988
31021988
31031988
31041988
31051988
31061988
31071988
31081988
31091988
31101988
31111988
31121988
31131988
31141988
31151988
31161988
31171988
31181988
31191988
31201988
31211988
31221988
31231988
31241988
31251988
31261988
31271988
31281988
31291988
31301988
31311988
31321988
31331988
31341988
31351988
31361988
31371988
31381988
31391988
31401988
31411988
31421988
31431988
31441988
31451988
31461988
31471988
31481988
31491988
31501988
31511988
31521988
31531988
31541988
31551988
31561988
31571988
31581988
31591988
31601988
31611988
31621988
31631988
31641988
31651988
31661988
31671988
31681988
31691988
31701988
31711988
31721988
31731988
31741988
31751988
31761988
31771988
31781988
31791988
31801988
31811988
31821988
31831988
31841988
31851988
31861988
31871988
31881988
31891988
31901988
31911988
31921988
31931988
31941988
31951988
31961988
31971988
31981988
31991988
32001988
32011988
32021988
32031988
32041988
32051988
32061988
32071988
32081988
32091988
32101988
32111988
32121988
32131988
32141988
32151988
32161988
32171988
32181988
32191988
32201988
32211988
32221988
32231988
32241988
32251988
32261988
32271988
32281988
32291988
32301988
32311988
32321988
32331988
32341988
32351988
32361988
32371988
32381988
32391988
32401988
32411988
32421988
32431988
32441988
32451988
32461988
32471988
32481988
32491988
32501988
32511988
32521988
32531988
32541988
32551988
32561988
32571988
32581988
32591988
32601988
32611988
32621988
32631988
32641988
32651988
32661988
32671988
32681988
32691988
32701988
32711988
32721988
32731988
32741988
32751988
32761988
32771988
32781988
32791988
32801988
32811988
32821988
32831988
32841988
32851988
32861988
32871988
32881988
32891988
32901988
32911988
32921988
32931988
32941988
32951988
32961988
32971988
32981988
32991988
33001988
33011988
33021988
33031988
33041988
33051988
33061988
33071988
33081988
33091988
33101988
33111988
33121988
33131988
33141988
33151988
33161988
33171988
33181988
33191988
33201988
33211988
33221988
33231988
33241988
33251988
33261988
33271988
33281988
33291988
33301988
33311988
33321988
33331988
33341988
33351988
33361988
33371988
33381988
33391988
33401988
33411988
33421988
33431988
33441988
33451988
33461988
33471988
33481988
33491988
33501988
33511988
33521988
33531988
33541988
33551988
33561988
33571988
33581988
33591988
33601988
33611988
33621988
33631988
33641988
33651988
33661988
33671988
33681988
33691988
33701988
33711988
33721988
33731988
33741988
33751988
33761988
33771988
33781988
33791988
33801988
33811988
33821988
33831988
33841988
33851988
33861988
33871988
33881988
33891988
33901988
33911988
33921988
33931988
33941988
33951988
33961988
33971988
33981988
33991988
34001988
34011988
34021988
34031988
34041988
34051988
34061988
34071988
34081988
34091988
34101988
34111988
34121988
34131988
34141988
34151988
34161988
34171988
34181988
34191988
34201988
34211988
34221988
34231988
34241988
34251988
34261988
34271988
34281988
34291988
34301988
34311988
34321988
34331988
34341988
34351988
34361988
34371988
34381988
34391988
34401988
34411988
34421988
34431988
34441988
34451988
34461988
34471988
34481988
34491988
34501988
34511988
34521988
34531988
34541988
34551988
34561988
34571988
34581988
34591988
34601988
34611988
34621988
34631988
34641988
34651988
34661988
34671988
34681988
34691988
34701988
34711988
34721988
34731988
34741988
34751988
34761988
34771988
34781988
34791988
34801988
34811988
34821988
34831988
34841988
34851988
34861988
34871988
34881988
34891988
34901988
34911988
34921988
34931988
34941988
34951988
34961988
34971988
34981988
34991988
35001988
35011988
35021988
35031988
35041988
35051988
35061988
35071988
35081988
35091988
35101988
35111988
35121988
35131988
35141988
35151988
35161988
35171988
35181988
35191988
35201988
35211988
35221988
35231988
35241988
35251988
35261988
35271988
35281988
35291988
35301988
35311988
35321988
35331988
35341988
35351988
35361988
35371988
35381988
35391988
35401988
35411988
35421988
35431988
35441988
35451988
35461988
35471988
35481988
35491988
35501988
35511988
35521988
35531988
35541988
35551988
35561988
35571988
35581988
35591988
35601988
35611988
35621988
35631988
35641988
35651988
35661988
35671988
35681988
35691988
35701988
35711988
35721988
35731988
35741988
35751988
35761988
35771988
35781988
35791988
35801988
35811988
35821988
35831988
35841988
35851988
35861988
35871988
35881988
35891988
35901988
35911988
35921988
35931988
35941988
35951988
35961988
35971988
35981988
35991988
36001988
36011988
36021988
36031988
36041988
36051988
36061988
36071988
36081988
36091988
36101988
36111988
36121988
36131988
36141988
36151988
36161988
36171988
36181988
36191988
36201988
36211988
36221988
36231988
36241988
36251988
36261988
36271988
36281988
36291988
36301988
36311988
36321988
36331988
36341988
36351988
36361988
36371988
36381988
36391988
36401988
36411988
36421988
36431988
36441988
36451988
36461988
36471988
36481988
36491988
36501988
36511988
36521988
36531988
36541988
36551988
36561988
36571988
36581988
36591988
36601988
36611988
36621988
36631988
36641988
36651988
36661988
36671988
36681988
36691988
36701988
36711988
36721988
36731988
36741988
36751988
36761988
36771988
36781988
36791988
36801988
36811988
36821988
36831988
36841988
36851988
36861988
36871988
36881988
36891988
36901988
36911988
36921988
36931988
36941988
36951988
36961988
36971988
36981988
36991988
37001988
37011988
37021988
37031988
37041988
37051988
37061988
37071988
37081988
37091988
37101988
37111988
37121988
37131988
37141988
37151988
37161988
37171988
37181988
37191988
37201988
37211988
37221988
37231988
37241988
37251988
37261988
37271988
37281988
37291988
37301988
37311988
37321988
37331988
37341988
37351988
37361988
37371988
37381988
37391988
37401988
37411988
37421988
37431988
37441988
37451988
37461988
37471988
37481988
37491988
37501988
37511988
37521988
37531988
37541988
37551988
37561988
37571988
37581988
37591988
37601988
37611988
37621988
37631988
37641988
37651988
37661988
37671988
37681988
37691988
37701988
37711988
37721988
37731988
37741988
37751988
37761988
37771988
37781988
37791988
37801988
37811988
37821988
37831988
37841988
37851988
37861988
37871988
37881988
37891988
37901988
37911988
37921988
37931988
37941988
37951988
37961988
37971988
37981988
37991988
38001988
38011988
38021988
38031988
38041988
38051988
38061988
38071988
38081988
38091988
38101988
38111988
38121988
38131988
38141988
38151988
38161988
38171988
38181988
38191988
38201988
38211988
38221988
38231988
38241988
38251988
38261988
38271988
38281988
38291988
38301988
38311988
38321988
38331988
38341988
38351988
38361988
38371988
38381988
38391988
38401988
38411988
38421988
38431988
38441988
38451988
38461988
38471988
38481988
38491988
38501988
38511988
38521988
38531988
38541988
38551988
38561988
38571988
38581988
38591988
38601988
38611988
38621988
38631988
38641988
38651988
38661988
38671988
38681988
38691988
38701988
38711988
38721988
38731988
38741988
38751988
38761988
38771988
38781988
38791988
38801988
38811988
38821988
38831988
38841988
38851988
38861988
38871988
38881988
38891988
38901988
38911988
38921988
38931988
38941988
38951988
38961988
38971988
38981988
38991988
39001988
39011988
39021988
39031988
39041988
39051988
39061988
39071988
39081988
39091988
39101988
39111988
39121988
39131988
39141988
39151988
39161988
39171988
39181988
39191988
39201988
39211988
39221988
39231988
39241988
39251988
39261988
39271988
39281988
39291988
39301988
39311988
39321988
39331988
39341988
39351988
39361988
39371988
39381988
39391988
39401988
39411988
39421988
39431988
39441988
39451988
39461988
39471988
39481988
39491988
39501988
39511988
39521988
39531988
39541988
39551988
39561988
39571988
39581988
39591988
39601988
39611988
39621988
39631988
39641988
39651988
39661988
39671988
39681988
39691988
39701988
39711988
39721988
39731988
39741988
39751988
39761988
39771988
39781988
39791988
39801988
39811988
39821988
39831988
39841988
39851988
39861988
39871988
39881988
39891988
39901988
39911988
39921988
39931988
39941988
39951988
39961988
39971988
39981988
39991988
40001988
40011988
40021988
40031988
40041988
40051988
40061988
40071988
40081988
40091988
40101988
40111988
40121988
40131988
40141988
40151988
40161988
40171988
40181988
40191988
40201988
40211988
40221988
40231988
40241988
40251988
40261988
40271988
40281988
40291988
40301988
40311988
40321988
40331988
40341988
40351988
40361988
40371988
40381988
40391988
40401988
40411988
40421988
40431988
40441988
40451988
40461988
40471988
40481988
40491988
40501988
40511988
40521988
40531988
40541988
40551988
40561988
40571988
40581988
40591988
40601988
40611988
40621988
40631988
40641988
40651988
40661988
40671988
40681988
40691988
40701988
40711988
40721988
40731988
40741988
40751988
40761988
40771988
40781988
40791988
40801988
40811988
40821988
40831988
40841988
40851988
40861988
40871988
40881988
40891988
40901988
40911988
40921988
40931988
40941988
40951988
40961988
40971988
40981988
40991988
41001988
41011988
41021988
41031988
41041988
41051988
41061988
41071988
41081988
41091988
41101988
41111988
41121988
41131988
41141988
41151988
41161988
41171988
41181988
41191988
41201988
41211988
41221988
41231988
41241988
41251988
41261988
41271988
41281988
41291988
41301988
41311988
41321988
41331988
41341988
41351988
41361988
41371988
41381988
41391988
41401988
41411988
41421988
41431988
41441988
41451988
41461988
41471988
41481988
41491988
41501988
41511988
41521988
41531988
41541988
41551988
41561988
41571988
41581988
41591988
41601988
41611988
41621988
41631988
41641988
41651988
41661988
41671988
41681988
41691988
41701988
41711988
41721988
41731988
41741988
41751988
41761988
41771988
41781988
41791988
41801988
41811988
41821988
41831988
41841988
41851988
41861988
41871988
41881988
41891988
41901988
41911988
41921988
41931988
41941988
41951988
41961988
41971988
41981988
41991988
42001988
42011988
42021988
42031988
42041988
42051988
42061988
42071988
42081988
42091988
42101988
42111988
42121988
42131988
42141988
42151988
42161988
42171988
42181988
42191988
42201988
42211988
42221988
42231988
42241988
42251988
42261988
42271988
42281988
42291988
42301988
42311988
42321988
42331988
42341988
42351988
42361988
42371988
42381988
42391988
42401988
42411988
42421988
42431988
42441988
42451988
42461988
42471988
42481988
42491988
42501988
42511988
42521988
42531988
42541988
42551988
42561988
42571988
42581988
42591988
42601988
42611988
42621988
42631988
42641988
42651988
42661988
42671988
42681988
42691988
42701988
42711988
42721988
42731988
42741988
42751988
42761988
42771988
42781988
42791988
42801988
42811988
42821988
42831988
42841988
42851988
42861988
42871988
42881988
42891988
42901988
42911988
42921988
42931988
42941988
42951988
42961988
42971988
42981988
42991988
43001988
43011988
43021988
43031988
43041988
43051988
43061988
43071988
43081988
43091988
43101988
43111988
43121988
43131988
43141988
43151988
43161988
43171988
43181988
43191988
43201988
43211988
43221988
43231988
43241988
43251988
43261988
43271988
43281988
43291988
43301988
43311988
43321988
43331988
43341988
43351988
43361988
43371988
43381988
43391988
43401988
43411988
43421988
43431988
43441988
43451988
43461988
43471988
43481988
43491988
43501988
43511988
43521988
43531988
43541988
43551988
43561988
43571988
43581988
43591988
43601988
43611988
43621988
43631988
43641988
43651988
43661988
43671988
43681988
43691988
43701988
43711988
43721988
43731988
43741988
43751988
43761988
43771988
43781988
43791988
43801988
43811988
43821988
43831988
43841988
43851988
43861988
43871988
43881988
43891988
43901988
43911988
43921988
43931988
43941988
43951988
43961988
43971988
43981988
43991988
44001988
44011988
44021988
44031988
44041988
44051988
44061988
44071988
44081988
44091988
44101988
44111988
44121988
44131988
44141988
44151988
44161988
44171988
44181988
44191988
44201988
44211988
44221988
44231988
44241988
44251988
44261988
44271988
44281988
44291988
44301988
44311988
44321988
44331988
44341988
44351988
44361988
44371988
44381988
44391988
44401988
44411988
44421988
44431988
44441988
44451988
44461988
44471988
44481988
44491988
44501988
44511988
44521988
44531988
44541988
44551988
44561988
44571988
44581988
44591988
44601988
44611988
44621988
44631988
44641988
44651988
44661988
44671988
44681988
44691988
44701988
44711988
44721988
44731988
44741988
44751988
44761988
44771988
44781988
44791988
44801988
44811988
44821988
44831988
44841988
44851988
44861988
44871988
44881988
44891988
44901988
44911988
44921988
44931988
44941988
44951988
44961988
44971988
44981988
44991988
45001988
45011988
45021988
45031988
45041988
45051988
45061988
45071988
45081988
45091988
45101988
45111988
45121988
45131988
45141988
45151988
45161988
45171988
45181988
45191988
45201988
45211988
45221988
45231988
45241988
45251988
45261988
45271988
45281988
45291988
45301988
45311988
45321988
45331988
45341988
45351988
45361988
45371988
45381988
45391988
45401988
45411988
45421988
45431988
45441988
45451988
45461988
45471988
45481988
45491988
45501988
45511988
45521988
45531988
45541988
45551988
45561988
45571988
45581988
45591988
45601988
45611988
45621988
45631988
45641988
45651988
45661988
45671988
45681988
45691988
45701988
45711988
45721988
45731988
45741988
45751988
45761988
45771988
45781988
45791988
45801988
45811988
45821988
45831988
45841988
45851988
45861988
45871988
45881988
45891988
45901988
45911988
45921988
45931988
45941988
45951988
45961988
45971988
45981988
45991988
46001988
46011988
46021988
46031988
46041988
46051988
46061988
46071988
46081988
46091988
46101988
46111988
46121988
46131988
46141988
46151988
46161988
46171988
46181988
46191988
46201988
46211988
46221988
46231988
46241988
46251988
46261988
46271988
46281988
46291988
46301988
46311988
46321988
46331988
46341988
46351988
46361988
46371988
46381988
46391988
46401988
46411988
46421988
46431988
46441988
46451988
46461988
46471988
46481988
46491988
46501988
46511988
46521988
46531988
46541988
46551988
46561988
46571988
46581988
46591988
46601988
46611988
46621988
46631988
46641988
46651988
46661988
46671988
46681988
46691988
46701988
46711988
46721988
46731988
46741988
46751988
46761988
46771988
46781988
46791988
46801988
46811988
46821988
46831988
46841988
46851988
46861988
46871988
46881988
46891988
46901988
46911988
46921988
46931988
46941988
46951988
46961988
46971988
46981988
46991988
47001988
47011988
47021988
47031988
47041988
47051988
47061988
47071988
47081988
47091988
47101988
47111988
47121988
47131988
47141988
47151988
47161988
47171988
47181988
47191988
47201988
47211988
47221988
47231988
47241988
47251988
47261988
47271988
47281988
47291988
47301988
47311988
47321988
47331988
47341988
47351988
47361988
47371988
47381988
47391988
47401988
47411988
47421988
47431988
47441988
47451988
47461988
47471988
47481988
47491988
47501988
47511988
47521988
47531988
47541988
47551988
47561988
47571988
47581988
47591988
47601988
47611988
47621988
47631988
47641988
47651988
47661988
47671988
47681988
47691988
47701988
47711988
47721988
47731988
47741988
47751988
47761988
47771988
47781988
47791988
47801988
47811988
47821988
47831988
47841988
47851988
47861988
47871988
47881988
47891988
47901988
47911988
47921988
47931988
47941988
47951988
47961988
47971988
47981988
47991988
48001988
48011988
48021988
48031988
48041988
48051988
48061988
48071988
48081988
48091988
48101988
48111988
48121988
48131988
48141988
48151988
48161988
48171988
48181988
48191988
48201988
48211988
48221988
48231988
48241988
48251988
48261988
48271988
48281988
48291988
48301988
48311988
48321988
48331988
48341988
48351988
48361988
48371988
48381988
48391988
48401988
48411988
48421988
48431988
48441988
48451988
48461988
48471988
48481988
48491988
48501988
48511988
48521988
48531988
48541988
48551988
48561988
48571988
48581988
48591988
48601988
48611988
48621988
48631988
48641988
48651988
48661988
48671988
48681988
48691988
48701988
48711988
48721988
48731988
48741988
48751988
48761988
48771988
48781988
48791988
48801988
48811988
48821988
48831988
48841988
48851988
48861988
48871988
48881988
48891988
48901988
48911988
48921988
48931988
48941988
48951988
48961988
48971988
48981988
48991988
49001988
49011988
49021988
49031988
49041988
49051988
49061988
49071988
49081988
49091988
49101988
49111988
49121988
49131988
49141988
49151988
49161988
49171988
49181988
49191988
49201988
49211988
49221988
49231988
49241988
49251988
49261988
49271988
49281988
49291988
49301988
49311988
49321988
49331988
49341988
49351988
49361988
49371988
49381988
49391988
49401988
49411988
49421988
49431988
49441988
49451988
49461988
49471988
49481988
49491988
49501988
49511988
49521988
49531988
49541988
49551988
49561988
49571988
49581988
49591988
49601988
49611988
49621988
49631988
49641988
49651988
49661988
49671988
49681988
49691988
49701988
49711988
49721988
49731988
49741988
49751988
49761988
49771988
49781988
49791988
49801988
49811988
49821988
49831988
49841988
49851988
49861988
49871988
49881988
49891988
49901988
49911988
49921988
49931988
49941988
49951988
49961988
49971988
49981988
49991988
50001988
50011988
50021988
50031988
50041988
50051988
50061988
50071988
50081988
50091988
50101988
50111988
50121988
50131988
50141988
50151988
50161988
50171988
50181988
50191988
50201988
50211988
50221988
50231988
50241988
50251988
50261988
50271988
50281988
50291988
50301988
50311988
50321988
50331988
50341988
50351988
50361988
50371988
50381988
50391988
50401988
50411988
50421988
50431988
50441988
50451988
50461988
50471988
50481988
50491988
50501988
50511988
50521988
50531988
50541988
50551988
50561988
50571988
50581988
50591988
50601988
50611988
50621988
50631988
50641988
50651988
50661988
50671988
50681988
50691988
50701988
50711988
50721988
50731988
50741988
50751988
50761988
50771988
50781988
50791988
50801988
50811988
50821988
50831988
50841988
50851988
50861988
50871988
50881988
50891988
50901988
50911988
50921988
50931988
50941988
50951988
50961988
50971988
50981988
50991988
51001988
51011988
51021988
51031988
51041988
51051988
51061988
51071988
51081988
51091988
51101988
51111988
51121988
51131988
51141988
51151988
51161988
51171988
51181988
51191988
51201988
51211988
51221988
51231988
51241988
51251988
51261988
51271988
51281988
51291988
51301988
51311988
51321988
51331988
51341988
51351988
51361988
51371988
51381988
51391988
51401988
51411988
51421988
51431988
51441988
51451988
51461988
51471988
51481988
51491988
51501988
51511988
51521988
51531988
51541988
51551988
51561988
51571988
51581988
51591988
51601988
51611988
51621988
51631988
51641988
51651988
51661988
51671988
51681988
51691988
51701988
51711988
51721988
51731988
51741988
51751988
51761988
51771988
51781988
51791988
51801988
51811988
51821988
51831988
51841988
51851988
51861988
51871988
51881988
51891988
51901988
51911988
51921988
51931988
51941988
51951988
51961988
51971988
51981988
51991988
52001988
52011988
52021988
52031988
52041988
52051988
52061988
52071988
52081988
52091988
52101988
52111988
52121988
52131988
52141988
52151988
52161988
52171988
52181988
52191988
52201988
52211988
52221988
52231988
52241988
52251988
52261988
52271988
52281988
52291988
52301988
52311988
52321988
52331988
52341988
52351988
52361988
52371988
52381988
52391988
52401988
52411988
52421988
52431988
52441988
52451988
52461988
52471988
52481988
52491988
52501988
52511988
52521988
52531988
52541988
52551988
52561988
52571988
52581988
52591988
52601988
52611988
52621988
52631988
52641988
52651988
52661988
52671988
52681988
52691988
52701988
52711988
52721988
52731988
52741988
52751988
52761988
52771988
52781988
52791988
52801988
52811988
52821988
52831988
52841988
52851988
52861988
52871988
52881988
52891988
52901988
52911988
52921988
52931988
52941988
52951988
52961988
52971988
52981988
52991988
53001988
53011988
53021988
53031988
53041988
53051988
53061988
53071988
53081988
53091988
53101988
53111988
53121988
53131988
53141988
53151988
53161988
53171988
53181988
53191988
53201988
53211988
53221988
53231988
53241988
53251988
53261988
53271988
53281988
53291988
53301988
53311988
53321988
53331988
53341988
53351988
53361988
53371988
53381988
53391988
53401988
53411988
53421988
53431988
53441988
53451988
53461988
53471988
53481988
53491988
53501988
53511988
53521988
53531988
53541988
53551988
53561988
53571988
53581988
53591988
53601988
53611988
53621988
53631988
53641988
53651988
53661988
53671988
53681988
53691988
53701988
53711988
53721988
53731988
53741988
53751988
53761988
53771988
53781988
53791988
53801988
53811988
53821988
53831988
53841988
53851988
53861988
53871988
53881988
53891988
53901988
53911988
53921988
53931988
53941988
53951988
53961988
53971988
53981988
53991988
54001988
54011988
54021988
54031988
54041988
54051988
54061988
54071988
54081988
54091988
54101988
54111988
54121988
54131988
54141988
54151988
54161988
54171988
54181988
54191988
54201988
54211988
54221988
54231988
54241988
54251988
54261988
54271988
54281988
54291988
54301988
54311988
54321988
54331988
54341988
54351988
54361988
54371988
54381988
54391988
54401988
54411988
54421988
54431988
54441988
54451988
54461988
54471988
54481988
54491988
54501988
54511988
54521988
54531988
54541988
54551988
54561988
54571988
54581988
54591988
54601988
54611988
54621988
54631988
54641988
54651988
54661988
54671988
54681988
54691988
54701988
54711988
54721988
54731988
54741988
54751988
54761988
54771988
54781988
54791988
54801988
54811988
54821988
54831988
54841988
54851988
54861988
54871988
54881988
54891988
54901988
54911988
54921988
54931988
54941988
54951988
54961988
54971988
54981988
54991988
55001988
55011988
55021988
55031988
55041988
55051988
55061988
55071988
55081988
55091988
55101988
55111988
55121988
55131988
55141988
55151988
55161988
55171988
55181988
55191988
55201988
55211988
55221988
55231988
55241988
55251988
55261988
55271988
55281988
55291988
55301988
55311988
55321988
55331988
55341988
55351988
55361988
55371988
55381988
55391988
55401988
55411988
55421988
55431988
55441988
55451988
55461988
55471988
55481988
55491988
55501988
55511988
55521988
55531988
55541988
55551988
55561988
55571988
55581988
55591988
55601988
55611988
55621988
55631988
55641988
55651988
55661988
55671988
55681988
55691988
55701988
55711988
55721988
55731988
55741988
55751988
55761988
55771988
55781988
55791988
55801988
55811988
55821988
55831988
55841988
55851988
55861988
55871988
55881988
55891988
55901988
55911988
55921988
55931988
55941988
55951988
55961988
55971988
55981988
55991988
56001988
56011988
56021988
56031988
56041988
56051988
56061988
56071988
56081988
56091988
56101988
56111988
56121988
56131988
56141988
56151988
56161988
56171988
56181988
56191988
56201988
56211988
56221988
56231988
56241988
56251988
56261988
56271988
56281988
56291988
56301988
56311988
56321988
56331988
56341988
56351988
56361988
56371988
56381988
56391988
56401988
56411988
56421988
56431988
56441988
56451988
56461988
56471988
56481988
56491988
56501988
56511988
56521988
56531988
56541988
56551988
56561988
56571988
56581988
56591988
56601988
56611988
56621988
56631988
56641988
56651988
56661988
56671988
56681988
56691988
56701988
56711988
56721988
56731988
56741988
56751988
56761988
56771988
56781988
56791988
56801988
56811988
56821988
56831988
56841988
56851988
56861988
56871988
56881988
56891988
56901988
56911988
56921988
56931988
56941988
56951988
56961988
56971988
56981988
56991988
57001988
57011988
57021988
57031988
57041988
57051988
57061988
57071988
57081988
57091988
57101988
57111988
57121988
57131988
57141988
57151988
57161988
57171988
57181988
57191988
57201988
57211988
57221988
57231988
57241988
57251988
57261988
57271988
57281988
57291988
57301988
57311988
57321988
57331988
57341988
57351988
57361988
57371988
57381988
57391988
57401988
57411988
57421988
57431988
57441988
57451988
57461988
57471988
57481988
57491988
57501988
57511988
57521988
57531988
57541988
57551988
57561988
57571988
57581988
57591988
57601988
57611988
57621988
57631988
57641988
57651988
57661988
57671988
57681988
57691988
57701988
57711988
57721988
57731988
57741988
57751988
57761988
57771988
57781988
57791988
57801988
57811988
57821988
57831988
57841988
57851988
57861988
57871988
57881988
57891988
57901988
57911988
57921988
57931988
57941988
57951988
57961988
57971988
57981988
57991988
58001988
58011988
58021988
58031988
58041988
58051988
58061988
58071988
58081988
58091988
58101988
58111988
58121988
58131988
58141988
58151988
58161988
58171988
58181988
58191988
58201988
58211988
58221988
58231988
58241988
58251988
58261988
58271988
58281988
58291988
58301988
58311988
58321988
58331988
58341988
58351988
58361988
58371988
58381988
58391988
58401988
58411988
58421988
58431988
58441988
58451988
58461988
58471988
58481988
58491988
58501988
58511988
58521988
58531988
58541988
58551988
58561988
58571988
58581988
58591988
58601988
58611988
58621988
58631988
58641988
58651988
58661988
58671988
58681988
58691988
58701988
58711988
58721988
58731988
58741988
58751988
58761988
58771988
58781988
58791988
58801988
58811988
58821988
58831988
58841988
58851988
58861988
58871988
58881988
58891988
58901988
58911988
58921988
58931988
58941988
58951988
58961988
58971988
58981988
58991988
59001988
59011988
59021988
59031988
59041988
59051988
59061988
59071988
59081988
59091988
59101988
59111988
59121988
59131988
59141988
59151988
59161988
59171988
59181988
59191988
59201988
59211988
59221988
59231988
59241988
59251988
59261988
59271988
59281988
59291988
59301988
59311988
59321988
59331988
59341988
59351988
59361988
59371988
59381988
59391988
59401988
59411988
59421988
59431988
59441988
59451988
59461988
59471988
59481988
59491988
59501988
59511988
59521988
59531988
59541988
59551988
59561988
59571988
59581988
59591988
59601988
59611988
59621988
59631988
59641988
59651988
59661988
59671988
59681988
59691988
59701988
59711988
59721988
59731988
59741988
59751988
59761988
59771988
59781988
59791988
59801988
59811988
59821988
59831988
59841988
59851988
59861988
59871988
59881988
59891988
59901988
59911988
59921988
59931988
59941988
59951988
59961988
59971988
59981988
59991988
60001988
60011988
60021988
60031988
60041988
60051988
60061988
60071988
60081988
60091988
60101988
60111988
60121988
60131988
60141988
60151988
60161988
60171988
60181988
60191988
60201988
60211988
60221988
60231988
60241988
60251988
60261988
60271988
60281988
60291988
60301988
60311988
60321988
60331988
60341988
60351988
60361988
60371988
60381988
60391988
60401988
60411988
60421988
60431988
60441988
60451988
60461988
60471988
60481988
60491988
60501988
60511988
60521988
60531988
60541988
60551988
60561988
60571988
60581988
60591988
60601988
60611988
60621988
60631988
60641988
60651988
60661988
60671988
60681988
60691988
60701988
60711988
60721988
60731988
60741988
60751988
60761988
60771988
60781988
60791988
60801988
60811988
60821988
60831988
60841988
60851988
60861988
60871988
60881988
60891988
60901988
60911988
60921988
60931988
60941988
60951988
60961988
60971988
60981988
60991988
61001988
61011988
61021988
61031988
61041988
61051988
61061988
61071988
61081988
61091988
61101988
61111988
61121988
61131988
61141988
61151988
61161988
61171988
61181988
61191988
61201988
61211988
61221988
61231988
61241988
61251988
61261988
61271988
61281988
61291988
61301988
61311988
61321988
61331988
61341988
61351988
61361988
61371988
61381988
61391988
61401988
61411988
61421988
61431988
61441988
61451988
61461988
61471988
61481988
61491988
61501988
61511988
61521988
61531988
61541988
61551988
61561988
61571988
61581988
61591988
61601988
61611988
61621988
61631988
61641988
61651988
61661988
61671988
61681988
61691988
61701988
61711988
61721988
61731988
61741988
61751988
61761988
61771988
61781988
61791988
61801988
61811988
61821988
61831988
61841988
61851988
61861988
61871988
61881988
61891988
61901988
61911988
61921988
61931988
61941988
61951988
61961988
61971988
61981988
61991988
62001988
62011988
62021988
62031988
62041988
62051988
62061988
62071988
62081988
62091988
62101988
62111988
62121988
62131988
62141988
62151988
62161988
62171988
62181988
62191988
62201988
62211988
62221988
62231988
62241988
62251988
62261988
62271988
62281988
62291988
62301988
62311988
62321988
62331988
62341988
62351988
62361988
62371988
62381988
62391988
62401988
62411988
62421988
62431988
62441988
62451988
62461988
62471988
62481988
62491988
62501988
62511988
62521988
62531988
62541988
62551988
62561988
62571988
62581988
62591988
62601988
62611988
62621988
62631988
62641988
62651988
62661988
62671988
62681988
62691988
62701988
62711988
62721988
62731988
62741988
62751988
62761988
62771988
62781988
62791988
62801988
62811988
62821988
62831988
62841988
62851988
62861988
62871988
62881988
62891988
62901988
62911988
62921988
62931988
62941988
62951988
62961988
62971988
62981988
62991988
63001988
63011988
63021988
63031988
63041988
63051988
63061988
63071988
63081988
63091988
63101988
63111988
63121988
63131988
63141988
63151988
63161988
63171988
63181988
63191988
63201988
63211988
63221988
63231988
63241988
63251988
63261988
63271988
63281988
63291988
63301988
63311988
63321988
63331988
63341988
63351988
63361988
63371988
63381988
63391988
63401988
63411988
63421988
63431988
63441988
63451988
63461988
63471988
63481988
63491988
63501988
63511988
63521988
63531988
63541988
63551988
63561988
63571988
63581988
63591988
63601988
63611988
63621988
63631988
63641988
63651988
63661988
63671988
63681988
63691988
63701988
63711988
63721988
63731988
63741988
63751988
63761988
63771988
63781988
63791988
63801988
63811988
63821988
63831988
63841988
63851988
63861988
63871988
63881988
63891988
63901988
63911988
63921988
63931988
63941988
63951988
63961988
63971988
63981988
63991988
64001988
64011988
64021988
64031988
64041988
64051988
64061988
64071988
64081988
64091988
64101988
64111988
64121988
64131988
64141988
64151988
64161988
64171988
64181988
64191988
64201988
64211988
64221988
64231988
64241988
64251988
64261988
64271988
64281988
64291988
64301988
64311988
64321988
64331988
64341988
64351988
64361988
64371988
64381988
64391988
64401988
64411988
64421988
64431988
64441988
64451988
64461988
64471988
64481988
64491988
64501988
64511988
64521988
64531988
64541988
64551988
64561988
64571988
64581988
64591988
64601988
64611988
64621988
64631988
64641988
64651988
64661988
64671988
64681988
64691988
64701988
64711988
64721988
64731988
64741988
64751988
64761988
64771988
64781988
64791988
64801988
64811988
64821988
64831988
64841988
64851988
64861988
64871988
64881988
64891988
64901988
64911988
64921988
64931988
64941988
64951988
64961988
64971988
64981988
64991988
65001988
65011988
65021988
65031988
65041988
65051988
65061988
65071988
65081988
65091988
65101988
65111988
65121988
65131988
65141988
65151988
65161988
65171988
65181988
65191988
65201988
65211988
65221988
65231988
65241988
65251988
65261988
65271988
65281988
65291988
65301988
65311988
65321988
65331988
65341988
65351988
65361988
65371988
65381988
65391988
65401988
65411988
65421988
65431988
65441988
65451988
65461988
65471988
65481988
65491988
65501988
65511988
65521988
65531988
65541988
65551988
65561988
65571988
65581988
65591988
65601988
65611988
65621988
65631988
65641988
65651988
65661988
65671988
65681988
65691988
65701988
65711988
65721988
65731988
65741988
65751988
65761988
65771988
65781988
65791988
65801988
65811988
65821988
65831988
65841988
65851988
65861988
65871988
65881988
65891988
65901988
65911988
65921988
65931988
65941988
65951988
65961988
65971988
65981988
65991988
66001988
66011988
66021988
66031988
66041988
66051988
66061988
66071988
66081988
66091988
66101988
66111988
66121988
66131988
66141988
66151988
66161988
66171988
66181988
66191988
66201988
66211988
66221988
66231988
66241988
66251988
66261988
66271988
66281988
66291988
66301988
66311988
66321988
66331988
66341988
66351988
66361988
66371988
66381988
66391988
66401988
66411988
66421988
66431988
66441988
66451988
66461988
66471988
66481988
66491988
66501988
66511988
66521988
66531988
66541988
66551988
66561988
66571988
66581988
66591988
66601988
66611988
66621988
66631988
66641988
66651988
66661988
66671988
66681988
66691988
66701988
66711988
66721988
66731988
66741988
66751988
66761988
66771988
66781988
66791988
66801988
66811988
66821988
66831988
66841988
66851988
66861988
66871988
66881988
66891988
66901988
66911988
66921988
66931988
66941988
66951988
66961988
66971988
66981988
66991988
67001988
67011988
67021988
67031988
67041988
67051988
67061988
67071988
67081988
67091988
67101988
67111988
67121988
67131988
67141988
67151988
67161988
67171988
67181988
67191988
67201988
67211988
67221988
67231988
67241988
67251988
67261988
67271988
67281988
67291988
67301988
67311988
67321988
67331988
67341988
67351988
67361988
67371988
67381988
67391988
67401988
67411988
67421988
67431988
67441988
67451988
67461988
67471988
67481988
67491988
67501988
67511988
67521988
67531988
67541988
67551988
67561988
67571988
67581988
67591988
67601988
67611988
67621988
67631988
67641988
67651988
67661988
67671988
67681988
67691988
67701988
67711988
67721988
67731988
67741988
67751988
67761988
67771988
67781988
67791988
67801988
67811988
67821988
67831988
67841988
67851988
67861988
67871988
67881988
67891988
67901988
67911988
67921988
67931988
67941988
67951988
67961988
67971988
67981988
67991988
68001988
68011988
68021988
68031988
68041988
68051988
68061988
68071988
68081988
68091988
68101988
68111988
68121988
68131988
68141988
68151988
68161988
68171988
68181988
68191988
68201988
68211988
68221988
68231988
68241988
68251988
68261988
68271988
68281988
68291988
68301988
68311988
68321988
68331988
68341988
68351988
68361988
68371988
68381988
68391988
68401988
68411988
68421988
68431988
68441988
68451988
68461988
68471988
68481988
68491988
68501988
68511988
68521988
68531988
68541988
68551988
68561988
68571988
68581988
68591988
68601988
68611988
68621988
68631988
68641988
68651988
68661988
68671988
68681988
68691988
68701988
68711988
68721988
68731988
68741988
68751988
68761988
68771988
68781988
68791988
68801988
68811988
68821988
68831988
68841988
68851988
68861988
68871988
68881988
68891988
68901988
68911988
68921988
68931988
68941988
68951988
68961988
68971988
68981988
68991988
69001988
69011988
69021988
69031988
69041988
69051988
69061988
69071988
69081988
69091988
69101988
69111988
69121988
69131988
69141988
69151988
69161988
69171988
69181988
69191988
69201988
69211988
69221988
69231988
69241988
69251988
69261988
69271988
69281988
69291988
69301988
69311988
69321988
69331988
69341988
69351988
69361988
69371988
69381988
69391988
69401988
69411988
69421988
69431988
69441988
69451988
69461988
69471988
69481988
69491988
69501988
69511988
69521988
69531988
69541988
69551988
69561988
69571988
69581988
69591988
69601988
69611988
69621988
69631988
69641988
69651988
69661988
69671988
69681988
69691988
69701988
69711988
69721988
69731988
69741988
69751988
69761988
69771988
69781988
69791988
69801988
69811988
69821988
69831988
69841988
69851988
69861988
69871988
69881988
69891988
69901988
69911988
69921988
69931988
69941988
69951988
69961988
69971988
69981988
69991988
70001988
70011988
70021988
70031988
70041988
70051988
70061988
70071988
70081988
70091988
70101988
70111988
70121988
70131988
70141988
70151988
70161988
70171988
70181988
70191988
70201988
70211988
70221988
70231988
70241988
70251988
70261988
70271988
70281988
70291988
70301988
70311988
70321988
70331988
70341988
70351988
70361988
70371988
70381988
70391988
70401988
70411988
70421988
70431988
70441988
70451988
70461988
70471988
70481988
70491988
70501988
70511988
70521988
70531988
70541988
70551988
70561988
70571988
70581988
70591988
70601988
70611988
70621988
70631988
70641988
70651988
70661988
70671988
70681988
70691988
70701988
70711988
70721988
70731988
70741988
70751988
70761988
70771988
70781988
70791988
70801988
70811988
70821988
70831988
70841988
70851988
70861988
70871988
70881988
70891988
70901988
70911988
70921988
70931988
70941988
70951988
70961988
70971988
70981988
70991988
71001988
71011988
71021988
71031988
71041988
71051988
71061988
71071988
71081988
71091988
71101988
71111988
71121988
71131988
71141988
71151988
71161988
71171988
71181988
71191988
71201988
71211988
71221988
71231988
71241988
71251988
71261988
71271988
71281988
71291988
71301988
71311988
71321988
71331988
71341988
71351988
71361988
71371988
71381988
71391988
71401988
71411988
71421988
71431988
71441988
71451988
71461988
71471988
71481988
71491988
71501988
71511988
71521988
71531988
71541988
71551988
71561988
71571988
71581988
71591988
71601988
71611988
71621988
71631988
71641988
71651988
71661988
71671988
71681988
71691988
71701988
71711988
71721988
71731988
71741988
71751988
71761988
71771988
71781988
71791988
71801988
71811988
71821988
71831988
71841988
71851988
71861988
71871988
71881988
71891988
71901988
71911988
71921988
71931988
71941988
71951988
71961988
71971988
71981988
71991988
72001988
72011988
72021988
72031988
72041988
72051988
72061988
72071988
72081988
72091988
72101988
72111988
72121988
72131988
72141988
72151988
72161988
72171988
72181988
72191988
72201988
72211988
72221988
72231988
72241988
72251988
72261988
72271988
72281988
72291988
72301988
72311988
72321988
72331988
72341988
72351988
72361988
72371988
72381988
72391988
72401988
72411988
72421988
72431988
72441988
72451988
72461988
72471988
72481988
72491988
72501988
72511988
72521988
72531988
72541988
72551988
72561988
72571988
72581988
72591988
72601988
72611988
72621988
72631988
72641988
72651988
72661988
72671988
72681988
72691988
72701988
72711988
72721988
72731988
72741988
72751988
72761988
72771988
72781988
72791988
72801988
72811988
72821988
72831988
72841988
72851988
72861988
72871988
72881988
72891988
72901988
72911988
72921988
72931988
72941988
72951988
72961988
72971988
72981988
72991988
73001988
73011988
73021988
73031988
73041988
73051988
73061988
73071988
73081988
73091988
73101988
73111988
73121988
73131988
73141988
73151988
73161988
73171988
73181988
73191988
73201988
73211988
73221988
73231988
73241988
73251988
73261988
73271988
73281988
73291988
73301988
73311988
73321988
73331988
73341988
73351988
73361988
73371988
73381988
73391988
73401988
73411988
73421988
73431988
73441988
73451988
73461988
73471988
73481988
73491988
73501988
73511988
73521988
73531988
73541988
73551988
73561988
73571988
73581988
73591988
73601988
73611988
73621988
73631988
73641988
73651988
73661988
73671988
73681988
73691988
73701988
73711988
73721988
73731988
73741988
73751988
73761988
73771988
73781988
73791988
73801988
73811988
73821988
73831988
73841988
73851988
73861988
73871988
73881988
73891988
73901988
73911988
73921988
73931988
73941988
73951988
73961988
73971988
73981988
73991988
74001988
74011988
74021988
74031988
74041988
74051988
74061988
74071988
74081988
74091988
74101988
74111988
74121988
74131988
74141988
74151988
74161988
74171988
74181988
74191988
74201988
74211988
74221988
74231988
74241988
74251988
74261988
74271988
74281988
74291988
74301988
74311988
74321988
74331988
74341988
74351988
74361988
74371988
74381988
74391988
74401988
74411988
74421988
74431988
74441988
74451988
74461988
74471988
74481988
74491988
74501988
74511988
74521988
74531988
74541988
74551988
74561988
74571988
74581988
74591988
74601988
74611988
74621988
74631988
74641988
74651988
74661988
74671988
74681988
74691988
74701988
74711988
74721988
74731988
74741988
74751988
74761988
74771988
74781988
74791988
74801988
74811988
74821988
74831988
74841988
74851988
74861988
74871988
74881988
74891988
74901988
74911988
74921988
74931988
74941988
74951988
74961988
74971988
74981988
74991988
75001988
75011988
75021988
75031988
75041988
75051988
75061988
75071988
75081988
75091988
75101988
75111988
75121988
75131988
75141988
75151988
75161988
75171988
75181988
75191988
75201988
75211988
75221988
75231988
75241988
75251988
75261988
75271988
75281988
75291988
75301988
75311988
75321988
75331988
75341988
75351988
75361988
75371988
75381988
75391988
75401988
75411988
75421988
75431988
75441988
75451988
75461988
75471988
75481988
75491988
75501988
75511988
75521988
75531988
75541988
75551988
75561988
75571988
75581988
75591988
75601988
75611988
75621988
75631988
75641988
75651988
75661988
75671988
75681988
75691988
75701988
75711988
75721988
75731988
75741988
75751988
75761988
75771988
75781988
75791988
75801988
75811988
75821988
75831988
75841988
75851988
75861988
75871988
75881988
75891988
75901988
75911988
75921988
75931988
75941988
75951988
75961988
75971988
75981988
75991988
76001988
76011988
76021988
76031988
76041988
76051988
76061988
76071988
76081988
76091988
76101988
76111988
76121988
76131988
76141988
76151988
76161988
76171988
76181988
76191988
76201988
76211988
76221988
76231988
76241988
76251988
76261988
76271988
76281988
76291988
76301988
76311988
76321988
76331988
76341988
76351988
76361988
76371988
76381988
76391988
76401988
76411988
76421988
76431988
76441988
76451988
76461988
76471988
76481988
76491988
76501988
76511988
76521988
76531988
76541988
76551988
76561988
76571988
76581988
76591988
76601988
76611988
76621988
76631988
76641988
76651988
76661988
76671988
76681988
76691988
76701988
76711988
76721988
76731988
76741988
76751988
76761988
76771988
76781988
76791988
76801988
76811988
76821988
76831988
76841988
76851988
76861988
76871988
76881988
76891988
76901988
76911988
76921988
76931988
76941988
76951988
76961988
76971988
76981988
76991988
77001988
77011988
77021988
77031988
77041988
77051988
77061988
77071988
77081988
77091988
77101988
77111988
77121988
77131988
77141988
77151988
77161988
77171988
77181988
77191988
77201988
77211988
77221988
77231988
77241988
77251988
77261988
77271988
77281988
77291988
77301988
77311988
77321988
77331988
77341988
77351988
77361988
77371988
77381988
77391988
77401988
77411988
77421988
77431988
77441988
77451988
77461988
77471988
77481988
77491988
77501988
77511988
77521988
77531988
77541988
77551988
77561988
77571988
77581988
77591988
77601988
77611988
77621988
77631988
77641988
77651988
77661988
77671988
77681988
77691988
77701988
77711988
77721988
77731988
77741988
77751988
77761988
77771988
77781988
77791988
77801988
77811988
77821988
77831988
77841988
77851988
77861988
77871988
77881988
77891988
77901988
77911988
77921988
77931988
77941988
77951988
77961988
77971988
77981988
77991988
78001988
78011988
78021988
78031988
78041988
78051988
78061988
78071988
78081988
78091988
78101988
78111988
78121988
78131988
78141988
78151988
78161988
78171988
78181988
78191988
78201988
78211988
78221988
78231988
78241988
78251988
78261988
78271988
78281988
78291988
78301988
78311988
78321988
78331988
78341988
78351988
78361988
78371988
78381988
78391988
78401988
78411988
78421988
78431988
78441988
78451988
78461988
78471988
78481988
78491988
78501988
78511988
78521988
78531988
78541988
78551988
78561988
78571988
78581988
78591988
78601988
78611988
78621988
78631988
78641988
78651988
78661988
78671988
78681988
78691988
78701988
78711988
78721988
78731988
78741988
78751988
78761988
78771988
78781988
78791988
78801988
78811988
78821988
78831988
78841988
78851988
78861988
78871988
78881988
78891988
78901988
78911988
78921988
78931988
78941988
78951988
78961988
78971988
78981988
78991988
79001988
79011988
79021988
79031988
79041988
79051988
79061988
79071988
79081988
79091988
79101988
79111988
79121988
79131988
79141988
79151988
79161988
79171988
79181988
79191988
79201988
79211988
79221988
79231988
79241988
79251988
79261988
79271988
79281988
79291988
79301988
79311988
79321988
79331988
79341988
79351988
79361988
79371988
79381988
79391988
79401988
79411988
79421988
79431988
79441988
79451988
79461988
79471988
79481988
79491988
79501988
79511988
79521988
79531988
79541988
79551988
79561988
79571988
79581988
79591988
79601988
79611988
79621988
79631988
79641988
79651988
79661988
79671988
79681988
79691988
79701988
79711988
79721988
79731988
79741988
79751988
79761988
79771988
79781988
79791988
79801988
79811988
79821988
79831988
79841988
79851988
79861988
79871988
79881988
79891988
79901988
79911988
79921988
79931988
79941988
79951988
79961988
79971988
79981988
79991988
80001988
80011988
80021988
80031988
80041988
80051988
80061988
80071988
80081988
80091988
80101988
80111988
80121988
80131988
80141988
80151988
80161988
80171988
80181988
80191988
80201988
80211988
80221988
80231988
80241988
80251988
80261988
80271988
80281988
80291988
80301988
80311988
80321988
80331988
80341988
80351988
80361988
80371988
80381988
80391988
80401988
80411988
80421988
80431988
80441988
80451988
80461988
80471988
80481988
80491988
80501988
80511988
80521988
80531988
80541988
80551988
80561988
80571988
80581988
80591988
80601988
80611988
80621988
80631988
80641988
80651988
80661988
80671988
80681988
80691988
80701988
80711988
80721988
80731988
80741988
80751988
80761988
80771988
80781988
80791988
80801988
80811988
80821988
80831988
80841988
80851988
80861988
80871988
80881988
80891988
80901988
80911988
80921988
80931988
80941988
80951988
80961988
80971988
80981988
80991988
81001988
81011988
81021988
81031988
81041988
81051988
81061988
81071988
81081988
81091988
81101988
81111988
81121988
81131988
81141988
81151988
81161988
81171988
81181988
81191988
81201988
81211988
81221988
81231988
81241988
81251988
81261988
81271988
81281988
81291988
81301988
81311988
81321988
81331988
81341988
81351988
81361988
81371988
81381988
81391988
81401988
81411988
81421988
81431988
81441988
81451988
81461988
81471988
81481988
81491988
81501988
81511988
81521988
81531988
81541988
81551988
81561988
81571988
81581988
81591988
81601988
81611988
81621988
81631988
81641988
81651988
81661988
81671988
81681988
81691988
81701988
81711988
81721988
81731988
81741988
81751988
81761988
81771988
81781988
81791988
81801988
81811988
81821988
81831988
81841988
81851988
81861988
81871988
81881988
81891988
81901988
81911988
81921988
81931988
81941988
81951988
81961988
81971988
81981988
81991988
82001988
82011988
82021988
82031988
82041988
82051988
82061988
82071988
82081988
82091988
82101988
82111988
82121988
82131988
82141988
82151988
82161988
82171988
82181988
82191988
82201988
82211988
82221988
82231988
82241988
82251988
82261988
82271988
82281988
82291988
82301988
82311988
82321988
82331988
82341988
82351988
82361988
82371988
82381988
82391988
82401988
82411988
82421988
82431988
82441988
82451988
82461988
82471988
82481988
82491988
82501988
82511988
82521988
82531988
82541988
82551988
82561988
82571988
82581988
82591988
82601988
82611988
82621988
82631988
82641988
82651988
82661988
82671988
82681988
82691988
82701988
82711988
82721988
82731988
82741988
82751988
82761988
82771988
82781988
82791988
82801988
82811988
82821988
82831988
82841988
82851988
82861988
82871988
82881988
82891988
82901988
82911988
82921988
82931988
82941988
82951988
82961988
82971988
82981988
82991988
83001988
83011988
83021988
83031988
83041988
83051988
83061988
83071988
83081988
83091988
83101988
83111988
83121988
83131988
83141988
83151988
83161988
83171988
83181988
83191988
83201988
83211988
83221988
83231988
83241988
83251988
83261988
83271988
83281988
83291988
83301988
83311988
83321988
83331988
83341988
83351988
83361988
83371988
83381988
83391988
83401988
83411988
83421988
83431988
83441988
83451988
83461988
83471988
83481988
83491988
83501988
83511988
83521988
83531988
83541988
83551988
83561988
83571988
83581988
83591988
83601988
83611988
83621988
83631988
83641988
83651988
83661988
83671988
83681988
83691988
83701988
83711988
83721988
83731988
83741988
83751988
83761988
83771988
83781988
83791988
83801988
83811988
83821988
83831988
83841988
83851988
83861988
83871988
83881988
83891988
83901988
83911988
83921988
83931988
83941988
83951988
83961988
83971988
83981988
83991988
84001988
84011988
84021988
84031988
84041988
84051988
84061988
84071988
84081988
84091988
84101988
84111988
84121988
84131988
84141988
84151988
84161988
84171988
84181988
84191988
84201988
84211988
84221988
84231988
84241988
84251988
84261988
84271988
84281988
84291988
84301988
84311988
84321988
84331988
84341988
84351988
84361988
84371988
84381988
84391988
84401988
84411988
84421988
84431988
84441988
84451988
84461988
84471988
84481988
84491988
84501988
84511988
84521988
84531988
84541988
84551988
84561988
84571988
84581988
84591988
84601988
84611988
84621988
84631988
84641988
84651988
84661988
84671988
84681988
84691988
84701988
84711988
84721988
84731988
84741988
84751988
84761988
84771988
84781988
84791988
84801988
84811988
84821988
84831988
84841988
84851988
84861988
84871988
84881988
84891988
84901988
84911988
84921988
84931988
84941988
84951988
84961988
84971988
84981988
84991988
85001988
85011988
85021988
85031988
85041988
85051988
85061988
85071988
85081988
85091988
85101988
85111988
85121988
85131988
85141988
85151988
85161988
85171988
85181988
85191988
85201988
85211988
85221988
85231988
85241988
85251988
85261988
85271988
85281988
85291988
85301988
85311988
85321988
85331988
85341988
85351988
85361988
85371988
85381988
85391988
85401988
85411988
85421988
85431988
85441988
85451988
85461988
85471988
85481988
85491988
85501988
85511988
85521988
85531988
85541988
85551988
85561988
85571988
85581988
85591988
85601988
85611988
85621988
85631988
85641988
85651988
85661988
85671988
85681988
85691988
85701988
85711988
85721988
85731988
85741988
85751988
85761988
85771988
85781988
85791988
85801988
85811988
85821988
85831988
85841988
85851988
85861988
85871988
85881988
85891988
85901988
85911988
85921988
85931988
85941988
85951988
85961988
85971988
85981988
85991988
86001988
86011988
86021988
86031988
86041988
86051988
86061988
86071988
86081988
86091988
86101988
86111988
86121988
86131988
86141988
86151988
86161988
86171988
86181988
86191988
86201988
86211988
86221988
86231988
86241988
86251988
86261988
86271988
86281988
86291988
86301988
86311988
86321988
86331988
86341988
86351988
86361988
86371988
86381988
86391988
86401988
86411988
86421988
86431988
86441988
86451988
86461988
86471988
86481988
86491988
86501988
86511988
86521988
86531988
86541988
86551988
86561988
86571988
86581988
86591988
86601988
86611988
86621988
86631988
86641988
86651988
86661988
86671988
86681988
86691988
86701988
86711988
86721988
86731988
86741988
86751988
86761988
86771988
86781988
86791988
86801988
86811988
86821988
86831988
86841988
86851988
86861988
86871988
86881988
86891988
86901988
86911988
86921988
86931988
86941988
86951988
86961988
86971988
86981988
86991988
87001988
87011988
87021988
87031988
87041988
87051988
87061988
87071988
87081988
87091988
87101988
87111988
87121988
87131988
87141988
87151988
87161988
87171988
87181988
87191988
87201988
87211988
87221988
87231988
87241988
87251988
87261988
87271988
87281988
87291988
87301988
87311988
87321988
87331988
87341988
87351988
87361988
87371988
87381988
87391988
87401988
87411988
87421988
87431988
87441988
87451988
87461988
87471988
87481988
87491988
87501988
87511988
87521988
87531988
87541988
87551988
87561988
87571988
87581988
87591988
87601988
87611988
87621988
87631988
87641988
87651988
87661988
87671988
87681988
87691988
87701988
87711988
87721988
87731988
87741988
87751988
87761988
87771988
87781988
87791988
87801988
87811988
87821988
87831988
87841988
87851988
87861988
87871988
87881988
87891988
87901988
87911988
87921988
87931988
87941988
87951988
87961988
87971988
87981988
87991988
88001988
88011988
88021988
88031988
88041988
88051988
88061988
88071988
88081988
88091988
88101988
88111988
88121988
88131988
88141988
88151988
88161988
88171988
88181988
88191988
88201988
88211988
88221988
88231988
88241988
88251988
88261988
88271988
88281988
88291988
88301988
88311988
88321988
88331988
88341988
88351988
88361988
88371988
88381988
88391988
88401988
88411988
88421988
88431988
88441988
88451988
88461988
88471988
88481988
88491988
88501988
88511988
88521988
88531988
88541988
88551988
88561988
88571988
88581988
88591988
88601988
88611988
88621988
88631988
88641988
88651988
88661988
88671988
88681988
88691988
88701988
88711988
88721988
88731988
88741988
88751988
88761988
88771988
88781988
88791988
88801988
88811988
88821988
88831988
88841988
88851988
88861988
88871988
88881988
88891988
88901988
88911988
88921988
88931988
88941988
88951988
88961988
88971988
88981988
88991988
89001988
89011988
89021988
89031988
89041988
89051988
89061988
89071988
89081988
89091988
89101988
89111988
89121988
89131988
89141988
89151988
89161988
89171988
89181988
89191988
89201988
89211988
89221988
89231988
89241988
89251988
89261988
89271988
89281988
89291988
89301988
89311988
89321988
89331988
89341988
89351988
89361988
89371988
89381988
89391988
89401988
89411988
89421988
89431988
89441988
89451988
89461988
89471988
89481988
89491988
89501988
89511988
89521988
89531988
89541988
89551988
89561988
89571988
89581988
89591988
89601988
89611988
89621988
89631988
89641988
89651988
89661988
89671988
89681988
89691988
89701988
89711988
89721988
89731988
89741988
89751988
89761988
89771988
89781988
89791988
89801988
89811988
89821988
89831988
89841988
89851988
89861988
89871988
89881988
89891988
89901988
89911988
89921988
89931988
89941988
89951988
89961988
89971988
89981988
89991988
90001988
90011988
90021988
90031988
90041988
90051988
90061988
90071988
90081988
90091988
90101988
90111988
90121988
90131988
90141988
90151988
90161988
90171988
90181988
90191988
90201988
90211988
90221988
90231988
90241988
90251988
90261988
90271988
90281988
90291988
90301988
90311988
90321988
90331988
90341988
90351988
90361988
90371988
90381988
90391988
90401988
90411988
90421988
90431988
90441988
90451988
90461988
90471988
90481988
90491988
90501988
90511988
90521988
90531988
90541988
90551988
90561988
90571988
90581988
90591988
90601988
90611988
90621988
90631988
90641988
90651988
90661988
90671988
90681988
90691988
90701988
90711988
90721988
90731988
90741988
90751988
90761988
90771988
90781988
90791988
90801988
90811988
90821988
90831988
90841988
90851988
90861988
90871988
90881988
90891988
90901988
90911988
90921988
90931988
90941988
90951988
90961988
90971988
90981988
90991988
91001988
91011988
91021988
91031988
91041988
91051988
91061988
91071988
91081988
91091988
91101988
91111988
91121988
91131988
91141988
91151988
91161988
91171988
91181988
91191988
91201988
91211988
91221988
91231988
91241988
91251988
91261988
91271988
91281988
91291988
91301988
91311988
91321988
91331988
91341988
91351988
91361988
91371988
91381988
91391988
91401988
91411988
91421988
91431988
91441988
91451988
91461988
91471988
91481988
91491988
91501988
91511988
91521988
91531988
91541988
91551988
91561988
91571988
91581988
91591988
91601988
91611988
91621988
91631988
91641988
91651988
91661988
91671988
91681988
91691988
91701988
91711988
91721988
91731988
91741988
91751988
91761988
91771988
91781988
91791988
91801988
91811988
91821988
91831988
91841988
91851988
91861988
91871988
91881988
91891988
91901988
91911988
91921988
91931988
91941988
91951988
91961988
91971988
91981988
91991988
92001988
92011988
92021988
92031988
92041988
92051988
92061988
92071988
92081988
92091988
92101988
92111988
92121988
92131988
92141988
92151988
92161988
92171988
92181988
92191988
92201988
92211988
92221988
92231988
92241988
92251988
92261988
92271988
92281988
92291988
92301988
92311988
92321988
92331988
92341988
92351988
92361988
92371988
92381988
92391988
92401988
92411988
92421988
92431988
92441988
92451988
92461988
92471988
92481988
92491988
92501988
92511988
92521988
92531988
92541988
92551988
92561988
92571988
92581988
92591988
92601988
92611988
92621988
92631988
92641988
92651988
92661988
92671988
92681988
92691988
92701988
92711988
92721988
92731988
92741988
92751988
92761988
92771988
92781988
92791988
92801988
92811988
92821988
92831988
92841988
92851988
92861988
92871988
92881988
92891988
92901988
92911988
92921988
92931988
92941988
92951988
92961988
92971988
92981988
92991988
93001988
93011988
93021988
93031988
93041988
93051988
93061988
93071988
93081988
93091988
93101988
93111988
93121988
93131988
93141988
93151988
93161988
93171988
93181988
93191988
93201988
93211988
93221988
93231988
93241988
93251988
93261988
93271988
93281988
93291988
93301988
93311988
93321988
93331988
93341988
93351988
93361988
93371988
93381988
93391988
93401988
93411988
93421988
93431988
93441988
93451988
93461988
93471988
93481988
93491988
93501988
93511988
93521988
93531988
93541988
93551988
93561988
93571988
93581988
93591988
93601988
93611988
93621988
93631988
93641988
93651988
93661988
93671988
93681988
93691988
93701988
93711988
93721988
93731988
93741988
93751988
93761988
93771988
93781988
93791988
93801988
93811988
93821988
93831988
93841988
93851988
93861988
93871988
93881988
93891988
93901988
93911988
93921988
93931988
93941988
93951988
93961988
93971988
93981988
93991988
94001988
94011988
94021988
94031988
94041988
94051988
94061988
94071988
94081988
94091988
94101988
94111988
94121988
94131988
94141988
94151988
94161988
94171988
94181988
94191988
94201988
94211988
94221988
94231988
94241988
94251988
94261988
94271988
94281988
94291988
94301988
94311988
94321988
94331988
94341988
94351988
94361988
94371988
94381988
94391988
94401988
94411988
94421988
94431988
94441988
94451988
94461988
94471988
94481988
94491988
94501988
94511988
94521988
94531988
94541988
94551988
94561988
94571988
94581988
94591988
94601988
94611988
94621988
94631988
94641988
94651988
94661988
94671988
94681988
94691988
94701988
94711988
94721988
94731988
94741988
94751988
94761988
94771988
94781988
94791988
94801988
94811988
94821988
94831988
94841988
94851988
94861988
94871988
94881988
94891988
94901988
94911988
94921988
94931988
94941988
94951988
94961988
94971988
94981988
94991988
95001988
95011988
95021988
95031988
95041988
95051988
95061988
95071988
95081988
95091988
95101988
95111988
95121988
95131988
95141988
95151988
95161988
95171988
95181988
95191988
95201988
95211988
95221988
95231988
95241988
95251988
95261988
95271988
95281988
95291988
95301988
95311988
95321988
95331988
95341988
95351988
95361988
95371988
95381988
95391988
95401988
95411988
95421988
95431988
95441988
95451988
95461988
95471988
95481988
95491988
95501988
95511988
95521988
95531988
95541988
95551988
95561988
95571988
95581988
95591988
95601988
95611988
95621988
95631988
95641988
95651988
95661988
95671988
95681988
95691988
95701988
95711988
95721988
95731988
95741988
95751988
95761988
95771988
95781988
95791988
95801988
95811988
95821988
95831988
95841988
95851988
95861988
95871988
95881988
95891988
95901988
95911988
95921988
95931988
95941988
95951988
95961988
95971988
95981988
95991988
96001988
96011988
96021988
96031988
96041988
96051988
96061988
96071988
96081988
96091988
96101988
96111988
96121988
96131988
96141988
96151988
96161988
96171988
96181988
96191988
96201988
96211988
96221988
96231988
96241988
96251988
96261988
96271988
96281988
96291988
96301988
96311988
96321988
96331988
96341988
96351988
96361988
96371988
96381988
96391988
96401988
96411988
96421988
96431988
96441988
96451988
96461988
96471988
96481988
96491988
96501988
96511988
96521988
96531988
96541988
96551988
96561988
96571988
96581988
96591988
96601988
96611988
96621988
96631988
96641988
96651988
96661988
96671988
96681988
96691988
96701988
96711988
96721988
96731988
96741988
96751988
96761988
96771988
96781988
96791988
96801988
96811988
96821988
96831988
96841988
96851988
96861988
96871988
96881988
96891988
96901988
96911988
96921988
96931988
96941988
96951988
96961988
96971988
96981988
96991988
97001988
97011988
97021988
97031988
97041988
97051988
97061988
97071988
97081988
97091988
97101988
97111988
97121988
97131988
97141988
97151988
97161988
97171988
97181988
97191988
97201988
97211988
97221988
97231988
97241988
97251988
97261988
97271988
97281988
97291988
97301988
97311988
97321988
97331988
97341988
97351988
97361988
97371988
97381988
97391988
97401988
97411988
97421988
97431988
97441988
97451988
97461988
97471988
97481988
97491988
97501988
97511988
97521988
97531988
97541988
97551988
97561988
97571988
97581988
97591988
97601988
97611988
97621988
97631988
97641988
97651988
97661988
97671988
97681988
97691988
97701988
97711988
97721988
97731988
97741988
97751988
97761988
97771988
97781988
97791988
97801988
97811988
97821988
97831988
97841988
97851988
97861988
97871988
97881988
97891988
97901988
97911988
97921988
97931988
97941988
97951988
97961988
97971988
97981988
97991988
98001988
98011988
98021988
98031988
98041988
98051988
98061988
98071988
98081988
98091988
98101988
98111988
98121988
98131988
98141988
98151988
98161988
98171988
98181988
98191988
98201988
98211988
98221988
98231988
98241988
98251988
98261988
98271988
98281988
98291988
98301988
98311988
98321988
98331988
98341988
98351988
98361988
98371988
98381988
98391988
98401988
98411988
98421988
98431988
98441988
98451988
98461988
98471988
98481988
98491988
98501988
98511988
98521988
98531988
98541988
98551988
98561988
98571988
98581988
98591988
98601988
98611988
98621988
98631988
98641988
98651988
98661988
98671988
98681988
98691988
98701988
98711988
98721988
98731988
98741988
98751988
98761988
98771988
98781988
98791988
98801988
98811988
98821988
98831988
98841988
98851988
98861988
98871988
98881988
98891988
98901988
98911988
98921988
98931988
98941988
98951988
98961988
98971988
98981988
98991988
99001988
99011988
99021988
99031988
99041988
99051988
99061988
99071988
99081988
99091988
99101988
99111988
99121988
99131988
99141988
99151988
99161988
99171988
99181988
99191988
99201988
99211988
99221988
99231988
99241988
99251988
99261988
99271988
99281988
99291988
99301988
99311988
99321988
99331988
99341988
99351988
99361988
99371988
99381988
99391988
99401988
99411988
99421988
99431988
99441988
99451988
99461988
99471988
99481988
99491988
99501988
99511988
99521988
99531988
99541988
99551988
99561988
99571988
99581988
99591988
99601988
99611988
99621988
99631988
99641988
99651988
99661988
99671988
99681988
99691988
99701988
99711988
99721988
99731988
99741988
99751988
99761988
99771988
99781988
99791988
99801988
99811988
99821988
99831988
99841988
99851988
99861988
99871988
99881988
99891988
99901988
99911988
99921988
99931988
99941988
99951988
99961988
99971988
99981988
99991988
