00001987
00011987
00021987
00031987
00041987
00051987
00061987
00071987
00081987
00091987
00101987
00111987
00121987
00131987
00141987
00151987
00161987
00171987
00181987
00191987
00201987
00211987
00221987
00231987
00241987
00251987
00261987
00271987
00281987
00291987
00301987
00311987
00321987
00331987
00341987
00351987
00361987
00371987
00381987
00391987
00401987
00411987
00421987
00431987
00441987
00451987
00461987
00471987
00481987
00491987
00501987
00511987
00521987
00531987
00541987
00551987
00561987
00571987
00581987
00591987
00601987
00611987
00621987
00631987
00641987
00651987
00661987
00671987
00681987
00691987
00701987
00711987
00721987
00731987
00741987
00751987
00761987
00771987
00781987
00791987
00801987
00811987
00821987
00831987
00841987
00851987
00861987
00871987
00881987
00891987
00901987
00911987
00921987
00931987
00941987
00951987
00961987
00971987
00981987
00991987
01001987
01011987
01021987
01031987
01041987
01051987
01061987
01071987
01081987
01091987
01101987
01111987
01121987
01131987
01141987
01151987
01161987
01171987
01181987
01191987
01201987
01211987
01221987
01231987
01241987
01251987
01261987
01271987
01281987
01291987
01301987
01311987
01321987
01331987
01341987
01351987
01361987
01371987
01381987
01391987
01401987
01411987
01421987
01431987
01441987
01451987
01461987
01471987
01481987
01491987
01501987
01511987
01521987
01531987
01541987
01551987
01561987
01571987
01581987
01591987
01601987
01611987
01621987
01631987
01641987
01651987
01661987
01671987
01681987
01691987
01701987
01711987
01721987
01731987
01741987
01751987
01761987
01771987
01781987
01791987
01801987
01811987
01821987
01831987
01841987
01851987
01861987
01871987
01881987
01891987
01901987
01911987
01921987
01931987
01941987
01951987
01961987
01971987
01981987
01991987
02001987
02011987
02021987
02031987
02041987
02051987
02061987
02071987
02081987
02091987
02101987
02111987
02121987
02131987
02141987
02151987
02161987
02171987
02181987
02191987
02201987
02211987
02221987
02231987
02241987
02251987
02261987
02271987
02281987
02291987
02301987
02311987
02321987
02331987
02341987
02351987
02361987
02371987
02381987
02391987
02401987
02411987
02421987
02431987
02441987
02451987
02461987
02471987
02481987
02491987
02501987
02511987
02521987
02531987
02541987
02551987
02561987
02571987
02581987
02591987
02601987
02611987
02621987
02631987
02641987
02651987
02661987
02671987
02681987
02691987
02701987
02711987
02721987
02731987
02741987
02751987
02761987
02771987
02781987
02791987
02801987
02811987
02821987
02831987
02841987
02851987
02861987
02871987
02881987
02891987
02901987
02911987
02921987
02931987
02941987
02951987
02961987
02971987
02981987
02991987
03001987
03011987
03021987
03031987
03041987
03051987
03061987
03071987
03081987
03091987
03101987
03111987
03121987
03131987
03141987
03151987
03161987
03171987
03181987
03191987
03201987
03211987
03221987
03231987
03241987
03251987
03261987
03271987
03281987
03291987
03301987
03311987
03321987
03331987
03341987
03351987
03361987
03371987
03381987
03391987
03401987
03411987
03421987
03431987
03441987
03451987
03461987
03471987
03481987
03491987
03501987
03511987
03521987
03531987
03541987
03551987
03561987
03571987
03581987
03591987
03601987
03611987
03621987
03631987
03641987
03651987
03661987
03671987
03681987
03691987
03701987
03711987
03721987
03731987
03741987
03751987
03761987
03771987
03781987
03791987
03801987
03811987
03821987
03831987
03841987
03851987
03861987
03871987
03881987
03891987
03901987
03911987
03921987
03931987
03941987
03951987
03961987
03971987
03981987
03991987
04001987
04011987
04021987
04031987
04041987
04051987
04061987
04071987
04081987
04091987
04101987
04111987
04121987
04131987
04141987
04151987
04161987
04171987
04181987
04191987
04201987
04211987
04221987
04231987
04241987
04251987
04261987
04271987
04281987
04291987
04301987
04311987
04321987
04331987
04341987
04351987
04361987
04371987
04381987
04391987
04401987
04411987
04421987
04431987
04441987
04451987
04461987
04471987
04481987
04491987
04501987
04511987
04521987
04531987
04541987
04551987
04561987
04571987
04581987
04591987
04601987
04611987
04621987
04631987
04641987
04651987
04661987
04671987
04681987
04691987
04701987
04711987
04721987
04731987
04741987
04751987
04761987
04771987
04781987
04791987
04801987
04811987
04821987
04831987
04841987
04851987
04861987
04871987
04881987
04891987
04901987
04911987
04921987
04931987
04941987
04951987
04961987
04971987
04981987
04991987
05001987
05011987
05021987
05031987
05041987
05051987
05061987
05071987
05081987
05091987
05101987
05111987
05121987
05131987
05141987
05151987
05161987
05171987
05181987
05191987
05201987
05211987
05221987
05231987
05241987
05251987
05261987
05271987
05281987
05291987
05301987
05311987
05321987
05331987
05341987
05351987
05361987
05371987
05381987
05391987
05401987
05411987
05421987
05431987
05441987
05451987
05461987
05471987
05481987
05491987
05501987
05511987
05521987
05531987
05541987
05551987
05561987
05571987
05581987
05591987
05601987
05611987
05621987
05631987
05641987
05651987
05661987
05671987
05681987
05691987
05701987
05711987
05721987
05731987
05741987
05751987
05761987
05771987
05781987
05791987
05801987
05811987
05821987
05831987
05841987
05851987
05861987
05871987
05881987
05891987
05901987
05911987
05921987
05931987
05941987
05951987
05961987
05971987
05981987
05991987
06001987
06011987
06021987
06031987
06041987
06051987
06061987
06071987
06081987
06091987
06101987
06111987
06121987
06131987
06141987
06151987
06161987
06171987
06181987
06191987
06201987
06211987
06221987
06231987
06241987
06251987
06261987
06271987
06281987
06291987
06301987
06311987
06321987
06331987
06341987
06351987
06361987
06371987
06381987
06391987
06401987
06411987
06421987
06431987
06441987
06451987
06461987
06471987
06481987
06491987
06501987
06511987
06521987
06531987
06541987
06551987
06561987
06571987
06581987
06591987
06601987
06611987
06621987
06631987
06641987
06651987
06661987
06671987
06681987
06691987
06701987
06711987
06721987
06731987
06741987
06751987
06761987
06771987
06781987
06791987
06801987
06811987
06821987
06831987
06841987
06851987
06861987
06871987
06881987
06891987
06901987
06911987
06921987
06931987
06941987
06951987
06961987
06971987
06981987
06991987
07001987
07011987
07021987
07031987
07041987
07051987
07061987
07071987
07081987
07091987
07101987
07111987
07121987
07131987
07141987
07151987
07161987
07171987
07181987
07191987
07201987
07211987
07221987
07231987
07241987
07251987
07261987
07271987
07281987
07291987
07301987
07311987
07321987
07331987
07341987
07351987
07361987
07371987
07381987
07391987
07401987
07411987
07421987
07431987
07441987
07451987
07461987
07471987
07481987
07491987
07501987
07511987
07521987
07531987
07541987
07551987
07561987
07571987
07581987
07591987
07601987
07611987
07621987
07631987
07641987
07651987
07661987
07671987
07681987
07691987
07701987
07711987
07721987
07731987
07741987
07751987
07761987
07771987
07781987
07791987
07801987
07811987
07821987
07831987
07841987
07851987
07861987
07871987
07881987
07891987
07901987
07911987
07921987
07931987
07941987
07951987
07961987
07971987
07981987
07991987
08001987
08011987
08021987
08031987
08041987
08051987
08061987
08071987
08081987
08091987
08101987
08111987
08121987
08131987
08141987
08151987
08161987
08171987
08181987
08191987
08201987
08211987
08221987
08231987
08241987
08251987
08261987
08271987
08281987
08291987
08301987
08311987
08321987
08331987
08341987
08351987
08361987
08371987
08381987
08391987
08401987
08411987
08421987
08431987
08441987
08451987
08461987
08471987
08481987
08491987
08501987
08511987
08521987
08531987
08541987
08551987
08561987
08571987
08581987
08591987
08601987
08611987
08621987
08631987
08641987
08651987
08661987
08671987
08681987
08691987
08701987
08711987
08721987
08731987
08741987
08751987
08761987
08771987
08781987
08791987
08801987
08811987
08821987
08831987
08841987
08851987
08861987
08871987
08881987
08891987
08901987
08911987
08921987
08931987
08941987
08951987
08961987
08971987
08981987
08991987
09001987
09011987
09021987
09031987
09041987
09051987
09061987
09071987
09081987
09091987
09101987
09111987
09121987
09131987
09141987
09151987
09161987
09171987
09181987
09191987
09201987
09211987
09221987
09231987
09241987
09251987
09261987
09271987
09281987
09291987
09301987
09311987
09321987
09331987
09341987
09351987
09361987
09371987
09381987
09391987
09401987
09411987
09421987
09431987
09441987
09451987
09461987
09471987
09481987
09491987
09501987
09511987
09521987
09531987
09541987
09551987
09561987
09571987
09581987
09591987
09601987
09611987
09621987
09631987
09641987
09651987
09661987
09671987
09681987
09691987
09701987
09711987
09721987
09731987
09741987
09751987
09761987
09771987
09781987
09791987
09801987
09811987
09821987
09831987
09841987
09851987
09861987
09871987
09881987
09891987
09901987
09911987
09921987
09931987
09941987
09951987
09961987
09971987
09981987
09991987
10001987
10011987
10021987
10031987
10041987
10051987
10061987
10071987
10081987
10091987
10101987
10111987
10121987
10131987
10141987
10151987
10161987
10171987
10181987
10191987
10201987
10211987
10221987
10231987
10241987
10251987
10261987
10271987
10281987
10291987
10301987
10311987
10321987
10331987
10341987
10351987
10361987
10371987
10381987
10391987
10401987
10411987
10421987
10431987
10441987
10451987
10461987
10471987
10481987
10491987
10501987
10511987
10521987
10531987
10541987
10551987
10561987
10571987
10581987
10591987
10601987
10611987
10621987
10631987
10641987
10651987
10661987
10671987
10681987
10691987
10701987
10711987
10721987
10731987
10741987
10751987
10761987
10771987
10781987
10791987
10801987
10811987
10821987
10831987
10841987
10851987
10861987
10871987
10881987
10891987
10901987
10911987
10921987
10931987
10941987
10951987
10961987
10971987
10981987
10991987
11001987
11011987
11021987
11031987
11041987
11051987
11061987
11071987
11081987
11091987
11101987
11111987
11121987
11131987
11141987
11151987
11161987
11171987
11181987
11191987
11201987
11211987
11221987
11231987
11241987
11251987
11261987
11271987
11281987
11291987
11301987
11311987
11321987
11331987
11341987
11351987
11361987
11371987
11381987
11391987
11401987
11411987
11421987
11431987
11441987
11451987
11461987
11471987
11481987
11491987
11501987
11511987
11521987
11531987
11541987
11551987
11561987
11571987
11581987
11591987
11601987
11611987
11621987
11631987
11641987
11651987
11661987
11671987
11681987
11691987
11701987
11711987
11721987
11731987
11741987
11751987
11761987
11771987
11781987
11791987
11801987
11811987
11821987
11831987
11841987
11851987
11861987
11871987
11881987
11891987
11901987
11911987
11921987
11931987
11941987
11951987
11961987
11971987
11981987
11991987
12001987
12011987
12021987
12031987
12041987
12051987
12061987
12071987
12081987
12091987
12101987
12111987
12121987
12131987
12141987
12151987
12161987
12171987
12181987
12191987
12201987
12211987
12221987
12231987
12241987
12251987
12261987
12271987
12281987
12291987
12301987
12311987
12321987
12331987
12341987
12351987
12361987
12371987
12381987
12391987
12401987
12411987
12421987
12431987
12441987
12451987
12461987
12471987
12481987
12491987
12501987
12511987
12521987
12531987
12541987
12551987
12561987
12571987
12581987
12591987
12601987
12611987
12621987
12631987
12641987
12651987
12661987
12671987
12681987
12691987
12701987
12711987
12721987
12731987
12741987
12751987
12761987
12771987
12781987
12791987
12801987
12811987
12821987
12831987
12841987
12851987
12861987
12871987
12881987
12891987
12901987
12911987
12921987
12931987
12941987
12951987
12961987
12971987
12981987
12991987
13001987
13011987
13021987
13031987
13041987
13051987
13061987
13071987
13081987
13091987
13101987
13111987
13121987
13131987
13141987
13151987
13161987
13171987
13181987
13191987
13201987
13211987
13221987
13231987
13241987
13251987
13261987
13271987
13281987
13291987
13301987
13311987
13321987
13331987
13341987
13351987
13361987
13371987
13381987
13391987
13401987
13411987
13421987
13431987
13441987
13451987
13461987
13471987
13481987
13491987
13501987
13511987
13521987
13531987
13541987
13551987
13561987
13571987
13581987
13591987
13601987
13611987
13621987
13631987
13641987
13651987
13661987
13671987
13681987
13691987
13701987
13711987
13721987
13731987
13741987
13751987
13761987
13771987
13781987
13791987
13801987
13811987
13821987
13831987
13841987
13851987
13861987
13871987
13881987
13891987
13901987
13911987
13921987
13931987
13941987
13951987
13961987
13971987
13981987
13991987
14001987
14011987
14021987
14031987
14041987
14051987
14061987
14071987
14081987
14091987
14101987
14111987
14121987
14131987
14141987
14151987
14161987
14171987
14181987
14191987
14201987
14211987
14221987
14231987
14241987
14251987
14261987
14271987
14281987
14291987
14301987
14311987
14321987
14331987
14341987
14351987
14361987
14371987
14381987
14391987
14401987
14411987
14421987
14431987
14441987
14451987
14461987
14471987
14481987
14491987
14501987
14511987
14521987
14531987
14541987
14551987
14561987
14571987
14581987
14591987
14601987
14611987
14621987
14631987
14641987
14651987
14661987
14671987
14681987
14691987
14701987
14711987
14721987
14731987
14741987
14751987
14761987
14771987
14781987
14791987
14801987
14811987
14821987
14831987
14841987
14851987
14861987
14871987
14881987
14891987
14901987
14911987
14921987
14931987
14941987
14951987
14961987
14971987
14981987
14991987
15001987
15011987
15021987
15031987
15041987
15051987
15061987
15071987
15081987
15091987
15101987
15111987
15121987
15131987
15141987
15151987
15161987
15171987
15181987
15191987
15201987
15211987
15221987
15231987
15241987
15251987
15261987
15271987
15281987
15291987
15301987
15311987
15321987
15331987
15341987
15351987
15361987
15371987
15381987
15391987
15401987
15411987
15421987
15431987
15441987
15451987
15461987
15471987
15481987
15491987
15501987
15511987
15521987
15531987
15541987
15551987
15561987
15571987
15581987
15591987
15601987
15611987
15621987
15631987
15641987
15651987
15661987
15671987
15681987
15691987
15701987
15711987
15721987
15731987
15741987
15751987
15761987
15771987
15781987
15791987
15801987
15811987
15821987
15831987
15841987
15851987
15861987
15871987
15881987
15891987
15901987
15911987
15921987
15931987
15941987
15951987
15961987
15971987
15981987
15991987
16001987
16011987
16021987
16031987
16041987
16051987
16061987
16071987
16081987
16091987
16101987
16111987
16121987
16131987
16141987
16151987
16161987
16171987
16181987
16191987
16201987
16211987
16221987
16231987
16241987
16251987
16261987
16271987
16281987
16291987
16301987
16311987
16321987
16331987
16341987
16351987
16361987
16371987
16381987
16391987
16401987
16411987
16421987
16431987
16441987
16451987
16461987
16471987
16481987
16491987
16501987
16511987
16521987
16531987
16541987
16551987
16561987
16571987
16581987
16591987
16601987
16611987
16621987
16631987
16641987
16651987
16661987
16671987
16681987
16691987
16701987
16711987
16721987
16731987
16741987
16751987
16761987
16771987
16781987
16791987
16801987
16811987
16821987
16831987
16841987
16851987
16861987
16871987
16881987
16891987
16901987
16911987
16921987
16931987
16941987
16951987
16961987
16971987
16981987
16991987
17001987
17011987
17021987
17031987
17041987
17051987
17061987
17071987
17081987
17091987
17101987
17111987
17121987
17131987
17141987
17151987
17161987
17171987
17181987
17191987
17201987
17211987
17221987
17231987
17241987
17251987
17261987
17271987
17281987
17291987
17301987
17311987
17321987
17331987
17341987
17351987
17361987
17371987
17381987
17391987
17401987
17411987
17421987
17431987
17441987
17451987
17461987
17471987
17481987
17491987
17501987
17511987
17521987
17531987
17541987
17551987
17561987
17571987
17581987
17591987
17601987
17611987
17621987
17631987
17641987
17651987
17661987
17671987
17681987
17691987
17701987
17711987
17721987
17731987
17741987
17751987
17761987
17771987
17781987
17791987
17801987
17811987
17821987
17831987
17841987
17851987
17861987
17871987
17881987
17891987
17901987
17911987
17921987
17931987
17941987
17951987
17961987
17971987
17981987
17991987
18001987
18011987
18021987
18031987
18041987
18051987
18061987
18071987
18081987
18091987
18101987
18111987
18121987
18131987
18141987
18151987
18161987
18171987
18181987
18191987
18201987
18211987
18221987
18231987
18241987
18251987
18261987
18271987
18281987
18291987
18301987
18311987
18321987
18331987
18341987
18351987
18361987
18371987
18381987
18391987
18401987
18411987
18421987
18431987
18441987
18451987
18461987
18471987
18481987
18491987
18501987
18511987
18521987
18531987
18541987
18551987
18561987
18571987
18581987
18591987
18601987
18611987
18621987
18631987
18641987
18651987
18661987
18671987
18681987
18691987
18701987
18711987
18721987
18731987
18741987
18751987
18761987
18771987
18781987
18791987
18801987
18811987
18821987
18831987
18841987
18851987
18861987
18871987
18881987
18891987
18901987
18911987
18921987
18931987
18941987
18951987
18961987
18971987
18981987
18991987
19001987
19011987
19021987
19031987
19041987
19051987
19061987
19071987
19081987
19091987
19101987
19111987
19121987
19131987
19141987
19151987
19161987
19171987
19181987
19191987
19201987
19211987
19221987
19231987
19241987
19251987
19261987
19271987
19281987
19291987
19301987
19311987
19321987
19331987
19341987
19351987
19361987
19371987
19381987
19391987
19401987
19411987
19421987
19431987
19441987
19451987
19461987
19471987
19481987
19491987
19501987
19511987
19521987
19531987
19541987
19551987
19561987
19571987
19581987
19591987
19601987
19611987
19621987
19631987
19641987
19651987
19661987
19671987
19681987
19691987
19701987
19711987
19721987
19731987
19741987
19751987
19761987
19771987
19781987
19791987
19801987
19811987
19821987
19831987
19841987
19851987
19861987
19871987
19881987
19891987
19901987
19911987
19921987
19931987
19941987
19951987
19961987
19971987
19981987
19991987
20001987
20011987
20021987
20031987
20041987
20051987
20061987
20071987
20081987
20091987
20101987
20111987
20121987
20131987
20141987
20151987
20161987
20171987
20181987
20191987
20201987
20211987
20221987
20231987
20241987
20251987
20261987
20271987
20281987
20291987
20301987
20311987
20321987
20331987
20341987
20351987
20361987
20371987
20381987
20391987
20401987
20411987
20421987
20431987
20441987
20451987
20461987
20471987
20481987
20491987
20501987
20511987
20521987
20531987
20541987
20551987
20561987
20571987
20581987
20591987
20601987
20611987
20621987
20631987
20641987
20651987
20661987
20671987
20681987
20691987
20701987
20711987
20721987
20731987
20741987
20751987
20761987
20771987
20781987
20791987
20801987
20811987
20821987
20831987
20841987
20851987
20861987
20871987
20881987
20891987
20901987
20911987
20921987
20931987
20941987
20951987
20961987
20971987
20981987
20991987
21001987
21011987
21021987
21031987
21041987
21051987
21061987
21071987
21081987
21091987
21101987
21111987
21121987
21131987
21141987
21151987
21161987
21171987
21181987
21191987
21201987
21211987
21221987
21231987
21241987
21251987
21261987
21271987
21281987
21291987
21301987
21311987
21321987
21331987
21341987
21351987
21361987
21371987
21381987
21391987
21401987
21411987
21421987
21431987
21441987
21451987
21461987
21471987
21481987
21491987
21501987
21511987
21521987
21531987
21541987
21551987
21561987
21571987
21581987
21591987
21601987
21611987
21621987
21631987
21641987
21651987
21661987
21671987
21681987
21691987
21701987
21711987
21721987
21731987
21741987
21751987
21761987
21771987
21781987
21791987
21801987
21811987
21821987
21831987
21841987
21851987
21861987
21871987
21881987
21891987
21901987
21911987
21921987
21931987
21941987
21951987
21961987
21971987
21981987
21991987
22001987
22011987
22021987
22031987
22041987
22051987
22061987
22071987
22081987
22091987
22101987
22111987
22121987
22131987
22141987
22151987
22161987
22171987
22181987
22191987
22201987
22211987
22221987
22231987
22241987
22251987
22261987
22271987
22281987
22291987
22301987
22311987
22321987
22331987
22341987
22351987
22361987
22371987
22381987
22391987
22401987
22411987
22421987
22431987
22441987
22451987
22461987
22471987
22481987
22491987
22501987
22511987
22521987
22531987
22541987
22551987
22561987
22571987
22581987
22591987
22601987
22611987
22621987
22631987
22641987
22651987
22661987
22671987
22681987
22691987
22701987
22711987
22721987
22731987
22741987
22751987
22761987
22771987
22781987
22791987
22801987
22811987
22821987
22831987
22841987
22851987
22861987
22871987
22881987
22891987
22901987
22911987
22921987
22931987
22941987
22951987
22961987
22971987
22981987
22991987
23001987
23011987
23021987
23031987
23041987
23051987
23061987
23071987
23081987
23091987
23101987
23111987
23121987
23131987
23141987
23151987
23161987
23171987
23181987
23191987
23201987
23211987
23221987
23231987
23241987
23251987
23261987
23271987
23281987
23291987
23301987
23311987
23321987
23331987
23341987
23351987
23361987
23371987
23381987
23391987
23401987
23411987
23421987
23431987
23441987
23451987
23461987
23471987
23481987
23491987
23501987
23511987
23521987
23531987
23541987
23551987
23561987
23571987
23581987
23591987
23601987
23611987
23621987
23631987
23641987
23651987
23661987
23671987
23681987
23691987
23701987
23711987
23721987
23731987
23741987
23751987
23761987
23771987
23781987
23791987
23801987
23811987
23821987
23831987
23841987
23851987
23861987
23871987
23881987
23891987
23901987
23911987
23921987
23931987
23941987
23951987
23961987
23971987
23981987
23991987
24001987
24011987
24021987
24031987
24041987
24051987
24061987
24071987
24081987
24091987
24101987
24111987
24121987
24131987
24141987
24151987
24161987
24171987
24181987
24191987
24201987
24211987
24221987
24231987
24241987
24251987
24261987
24271987
24281987
24291987
24301987
24311987
24321987
24331987
24341987
24351987
24361987
24371987
24381987
24391987
24401987
24411987
24421987
24431987
24441987
24451987
24461987
24471987
24481987
24491987
24501987
24511987
24521987
24531987
24541987
24551987
24561987
24571987
24581987
24591987
24601987
24611987
24621987
24631987
24641987
24651987
24661987
24671987
24681987
24691987
24701987
24711987
24721987
24731987
24741987
24751987
24761987
24771987
24781987
24791987
24801987
24811987
24821987
24831987
24841987
24851987
24861987
24871987
24881987
24891987
24901987
24911987
24921987
24931987
24941987
24951987
24961987
24971987
24981987
24991987
25001987
25011987
25021987
25031987
25041987
25051987
25061987
25071987
25081987
25091987
25101987
25111987
25121987
25131987
25141987
25151987
25161987
25171987
25181987
25191987
25201987
25211987
25221987
25231987
25241987
25251987
25261987
25271987
25281987
25291987
25301987
25311987
25321987
25331987
25341987
25351987
25361987
25371987
25381987
25391987
25401987
25411987
25421987
25431987
25441987
25451987
25461987
25471987
25481987
25491987
25501987
25511987
25521987
25531987
25541987
25551987
25561987
25571987
25581987
25591987
25601987
25611987
25621987
25631987
25641987
25651987
25661987
25671987
25681987
25691987
25701987
25711987
25721987
25731987
25741987
25751987
25761987
25771987
25781987
25791987
25801987
25811987
25821987
25831987
25841987
25851987
25861987
25871987
25881987
25891987
25901987
25911987
25921987
25931987
25941987
25951987
25961987
25971987
25981987
25991987
26001987
26011987
26021987
26031987
26041987
26051987
26061987
26071987
26081987
26091987
26101987
26111987
26121987
26131987
26141987
26151987
26161987
26171987
26181987
26191987
26201987
26211987
26221987
26231987
26241987
26251987
26261987
26271987
26281987
26291987
26301987
26311987
26321987
26331987
26341987
26351987
26361987
26371987
26381987
26391987
26401987
26411987
26421987
26431987
26441987
26451987
26461987
26471987
26481987
26491987
26501987
26511987
26521987
26531987
26541987
26551987
26561987
26571987
26581987
26591987
26601987
26611987
26621987
26631987
26641987
26651987
26661987
26671987
26681987
26691987
26701987
26711987
26721987
26731987
26741987
26751987
26761987
26771987
26781987
26791987
26801987
26811987
26821987
26831987
26841987
26851987
26861987
26871987
26881987
26891987
26901987
26911987
26921987
26931987
26941987
26951987
26961987
26971987
26981987
26991987
27001987
27011987
27021987
27031987
27041987
27051987
27061987
27071987
27081987
27091987
27101987
27111987
27121987
27131987
27141987
27151987
27161987
27171987
27181987
27191987
27201987
27211987
27221987
27231987
27241987
27251987
27261987
27271987
27281987
27291987
27301987
27311987
27321987
27331987
27341987
27351987
27361987
27371987
27381987
27391987
27401987
27411987
27421987
27431987
27441987
27451987
27461987
27471987
27481987
27491987
27501987
27511987
27521987
27531987
27541987
27551987
27561987
27571987
27581987
27591987
27601987
27611987
27621987
27631987
27641987
27651987
27661987
27671987
27681987
27691987
27701987
27711987
27721987
27731987
27741987
27751987
27761987
27771987
27781987
27791987
27801987
27811987
27821987
27831987
27841987
27851987
27861987
27871987
27881987
27891987
27901987
27911987
27921987
27931987
27941987
27951987
27961987
27971987
27981987
27991987
28001987
28011987
28021987
28031987
28041987
28051987
28061987
28071987
28081987
28091987
28101987
28111987
28121987
28131987
28141987
28151987
28161987
28171987
28181987
28191987
28201987
28211987
28221987
28231987
28241987
28251987
28261987
28271987
28281987
28291987
28301987
28311987
28321987
28331987
28341987
28351987
28361987
28371987
28381987
28391987
28401987
28411987
28421987
28431987
28441987
28451987
28461987
28471987
28481987
28491987
28501987
28511987
28521987
28531987
28541987
28551987
28561987
28571987
28581987
28591987
28601987
28611987
28621987
28631987
28641987
28651987
28661987
28671987
28681987
28691987
28701987
28711987
28721987
28731987
28741987
28751987
28761987
28771987
28781987
28791987
28801987
28811987
28821987
28831987
28841987
28851987
28861987
28871987
28881987
28891987
28901987
28911987
28921987
28931987
28941987
28951987
28961987
28971987
28981987
28991987
29001987
29011987
29021987
29031987
29041987
29051987
29061987
29071987
29081987
29091987
29101987
29111987
29121987
29131987
29141987
29151987
29161987
29171987
29181987
29191987
29201987
29211987
29221987
29231987
29241987
29251987
29261987
29271987
29281987
29291987
29301987
29311987
29321987
29331987
29341987
29351987
29361987
29371987
29381987
29391987
29401987
29411987
29421987
29431987
29441987
29451987
29461987
29471987
29481987
29491987
29501987
29511987
29521987
29531987
29541987
29551987
29561987
29571987
29581987
29591987
29601987
29611987
29621987
29631987
29641987
29651987
29661987
29671987
29681987
29691987
29701987
29711987
29721987
29731987
29741987
29751987
29761987
29771987
29781987
29791987
29801987
29811987
29821987
29831987
29841987
29851987
29861987
29871987
29881987
29891987
29901987
29911987
29921987
29931987
29941987
29951987
29961987
29971987
29981987
29991987
30001987
30011987
30021987
30031987
30041987
30051987
30061987
30071987
30081987
30091987
30101987
30111987
30121987
30131987
30141987
30151987
30161987
30171987
30181987
30191987
30201987
30211987
30221987
30231987
30241987
30251987
30261987
30271987
30281987
30291987
30301987
30311987
30321987
30331987
30341987
30351987
30361987
30371987
30381987
30391987
30401987
30411987
30421987
30431987
30441987
30451987
30461987
30471987
30481987
30491987
30501987
30511987
30521987
30531987
30541987
30551987
30561987
30571987
30581987
30591987
30601987
30611987
30621987
30631987
30641987
30651987
30661987
30671987
30681987
30691987
30701987
30711987
30721987
30731987
30741987
30751987
30761987
30771987
30781987
30791987
30801987
30811987
30821987
30831987
30841987
30851987
30861987
30871987
30881987
30891987
30901987
30911987
30921987
30931987
30941987
30951987
30961987
30971987
30981987
30991987
31001987
31011987
31021987
31031987
31041987
31051987
31061987
31071987
31081987
31091987
31101987
31111987
31121987
31131987
31141987
31151987
31161987
31171987
31181987
31191987
31201987
31211987
31221987
31231987
31241987
31251987
31261987
31271987
31281987
31291987
31301987
31311987
31321987
31331987
31341987
31351987
31361987
31371987
31381987
31391987
31401987
31411987
31421987
31431987
31441987
31451987
31461987
31471987
31481987
31491987
31501987
31511987
31521987
31531987
31541987
31551987
31561987
31571987
31581987
31591987
31601987
31611987
31621987
31631987
31641987
31651987
31661987
31671987
31681987
31691987
31701987
31711987
31721987
31731987
31741987
31751987
31761987
31771987
31781987
31791987
31801987
31811987
31821987
31831987
31841987
31851987
31861987
31871987
31881987
31891987
31901987
31911987
31921987
31931987
31941987
31951987
31961987
31971987
31981987
31991987
32001987
32011987
32021987
32031987
32041987
32051987
32061987
32071987
32081987
32091987
32101987
32111987
32121987
32131987
32141987
32151987
32161987
32171987
32181987
32191987
32201987
32211987
32221987
32231987
32241987
32251987
32261987
32271987
32281987
32291987
32301987
32311987
32321987
32331987
32341987
32351987
32361987
32371987
32381987
32391987
32401987
32411987
32421987
32431987
32441987
32451987
32461987
32471987
32481987
32491987
32501987
32511987
32521987
32531987
32541987
32551987
32561987
32571987
32581987
32591987
32601987
32611987
32621987
32631987
32641987
32651987
32661987
32671987
32681987
32691987
32701987
32711987
32721987
32731987
32741987
32751987
32761987
32771987
32781987
32791987
32801987
32811987
32821987
32831987
32841987
32851987
32861987
32871987
32881987
32891987
32901987
32911987
32921987
32931987
32941987
32951987
32961987
32971987
32981987
32991987
33001987
33011987
33021987
33031987
33041987
33051987
33061987
33071987
33081987
33091987
33101987
33111987
33121987
33131987
33141987
33151987
33161987
33171987
33181987
33191987
33201987
33211987
33221987
33231987
33241987
33251987
33261987
33271987
33281987
33291987
33301987
33311987
33321987
33331987
33341987
33351987
33361987
33371987
33381987
33391987
33401987
33411987
33421987
33431987
33441987
33451987
33461987
33471987
33481987
33491987
33501987
33511987
33521987
33531987
33541987
33551987
33561987
33571987
33581987
33591987
33601987
33611987
33621987
33631987
33641987
33651987
33661987
33671987
33681987
33691987
33701987
33711987
33721987
33731987
33741987
33751987
33761987
33771987
33781987
33791987
33801987
33811987
33821987
33831987
33841987
33851987
33861987
33871987
33881987
33891987
33901987
33911987
33921987
33931987
33941987
33951987
33961987
33971987
33981987
33991987
34001987
34011987
34021987
34031987
34041987
34051987
34061987
34071987
34081987
34091987
34101987
34111987
34121987
34131987
34141987
34151987
34161987
34171987
34181987
34191987
34201987
34211987
34221987
34231987
34241987
34251987
34261987
34271987
34281987
34291987
34301987
34311987
34321987
34331987
34341987
34351987
34361987
34371987
34381987
34391987
34401987
34411987
34421987
34431987
34441987
34451987
34461987
34471987
34481987
34491987
34501987
34511987
34521987
34531987
34541987
34551987
34561987
34571987
34581987
34591987
34601987
34611987
34621987
34631987
34641987
34651987
34661987
34671987
34681987
34691987
34701987
34711987
34721987
34731987
34741987
34751987
34761987
34771987
34781987
34791987
34801987
34811987
34821987
34831987
34841987
34851987
34861987
34871987
34881987
34891987
34901987
34911987
34921987
34931987
34941987
34951987
34961987
34971987
34981987
34991987
35001987
35011987
35021987
35031987
35041987
35051987
35061987
35071987
35081987
35091987
35101987
35111987
35121987
35131987
35141987
35151987
35161987
35171987
35181987
35191987
35201987
35211987
35221987
35231987
35241987
35251987
35261987
35271987
35281987
35291987
35301987
35311987
35321987
35331987
35341987
35351987
35361987
35371987
35381987
35391987
35401987
35411987
35421987
35431987
35441987
35451987
35461987
35471987
35481987
35491987
35501987
35511987
35521987
35531987
35541987
35551987
35561987
35571987
35581987
35591987
35601987
35611987
35621987
35631987
35641987
35651987
35661987
35671987
35681987
35691987
35701987
35711987
35721987
35731987
35741987
35751987
35761987
35771987
35781987
35791987
35801987
35811987
35821987
35831987
35841987
35851987
35861987
35871987
35881987
35891987
35901987
35911987
35921987
35931987
35941987
35951987
35961987
35971987
35981987
35991987
36001987
36011987
36021987
36031987
36041987
36051987
36061987
36071987
36081987
36091987
36101987
36111987
36121987
36131987
36141987
36151987
36161987
36171987
36181987
36191987
36201987
36211987
36221987
36231987
36241987
36251987
36261987
36271987
36281987
36291987
36301987
36311987
36321987
36331987
36341987
36351987
36361987
36371987
36381987
36391987
36401987
36411987
36421987
36431987
36441987
36451987
36461987
36471987
36481987
36491987
36501987
36511987
36521987
36531987
36541987
36551987
36561987
36571987
36581987
36591987
36601987
36611987
36621987
36631987
36641987
36651987
36661987
36671987
36681987
36691987
36701987
36711987
36721987
36731987
36741987
36751987
36761987
36771987
36781987
36791987
36801987
36811987
36821987
36831987
36841987
36851987
36861987
36871987
36881987
36891987
36901987
36911987
36921987
36931987
36941987
36951987
36961987
36971987
36981987
36991987
37001987
37011987
37021987
37031987
37041987
37051987
37061987
37071987
37081987
37091987
37101987
37111987
37121987
37131987
37141987
37151987
37161987
37171987
37181987
37191987
37201987
37211987
37221987
37231987
37241987
37251987
37261987
37271987
37281987
37291987
37301987
37311987
37321987
37331987
37341987
37351987
37361987
37371987
37381987
37391987
37401987
37411987
37421987
37431987
37441987
37451987
37461987
37471987
37481987
37491987
37501987
37511987
37521987
37531987
37541987
37551987
37561987
37571987
37581987
37591987
37601987
37611987
37621987
37631987
37641987
37651987
37661987
37671987
37681987
37691987
37701987
37711987
37721987
37731987
37741987
37751987
37761987
37771987
37781987
37791987
37801987
37811987
37821987
37831987
37841987
37851987
37861987
37871987
37881987
37891987
37901987
37911987
37921987
37931987
37941987
37951987
37961987
37971987
37981987
37991987
38001987
38011987
38021987
38031987
38041987
38051987
38061987
38071987
38081987
38091987
38101987
38111987
38121987
38131987
38141987
38151987
38161987
38171987
38181987
38191987
38201987
38211987
38221987
38231987
38241987
38251987
38261987
38271987
38281987
38291987
38301987
38311987
38321987
38331987
38341987
38351987
38361987
38371987
38381987
38391987
38401987
38411987
38421987
38431987
38441987
38451987
38461987
38471987
38481987
38491987
38501987
38511987
38521987
38531987
38541987
38551987
38561987
38571987
38581987
38591987
38601987
38611987
38621987
38631987
38641987
38651987
38661987
38671987
38681987
38691987
38701987
38711987
38721987
38731987
38741987
38751987
38761987
38771987
38781987
38791987
38801987
38811987
38821987
38831987
38841987
38851987
38861987
38871987
38881987
38891987
38901987
38911987
38921987
38931987
38941987
38951987
38961987
38971987
38981987
38991987
39001987
39011987
39021987
39031987
39041987
39051987
39061987
39071987
39081987
39091987
39101987
39111987
39121987
39131987
39141987
39151987
39161987
39171987
39181987
39191987
39201987
39211987
39221987
39231987
39241987
39251987
39261987
39271987
39281987
39291987
39301987
39311987
39321987
39331987
39341987
39351987
39361987
39371987
39381987
39391987
39401987
39411987
39421987
39431987
39441987
39451987
39461987
39471987
39481987
39491987
39501987
39511987
39521987
39531987
39541987
39551987
39561987
39571987
39581987
39591987
39601987
39611987
39621987
39631987
39641987
39651987
39661987
39671987
39681987
39691987
39701987
39711987
39721987
39731987
39741987
39751987
39761987
39771987
39781987
39791987
39801987
39811987
39821987
39831987
39841987
39851987
39861987
39871987
39881987
39891987
39901987
39911987
39921987
39931987
39941987
39951987
39961987
39971987
39981987
39991987
40001987
40011987
40021987
40031987
40041987
40051987
40061987
40071987
40081987
40091987
40101987
40111987
40121987
40131987
40141987
40151987
40161987
40171987
40181987
40191987
40201987
40211987
40221987
40231987
40241987
40251987
40261987
40271987
40281987
40291987
40301987
40311987
40321987
40331987
40341987
40351987
40361987
40371987
40381987
40391987
40401987
40411987
40421987
40431987
40441987
40451987
40461987
40471987
40481987
40491987
40501987
40511987
40521987
40531987
40541987
40551987
40561987
40571987
40581987
40591987
40601987
40611987
40621987
40631987
40641987
40651987
40661987
40671987
40681987
40691987
40701987
40711987
40721987
40731987
40741987
40751987
40761987
40771987
40781987
40791987
40801987
40811987
40821987
40831987
40841987
40851987
40861987
40871987
40881987
40891987
40901987
40911987
40921987
40931987
40941987
40951987
40961987
40971987
40981987
40991987
41001987
41011987
41021987
41031987
41041987
41051987
41061987
41071987
41081987
41091987
41101987
41111987
41121987
41131987
41141987
41151987
41161987
41171987
41181987
41191987
41201987
41211987
41221987
41231987
41241987
41251987
41261987
41271987
41281987
41291987
41301987
41311987
41321987
41331987
41341987
41351987
41361987
41371987
41381987
41391987
41401987
41411987
41421987
41431987
41441987
41451987
41461987
41471987
41481987
41491987
41501987
41511987
41521987
41531987
41541987
41551987
41561987
41571987
41581987
41591987
41601987
41611987
41621987
41631987
41641987
41651987
41661987
41671987
41681987
41691987
41701987
41711987
41721987
41731987
41741987
41751987
41761987
41771987
41781987
41791987
41801987
41811987
41821987
41831987
41841987
41851987
41861987
41871987
41881987
41891987
41901987
41911987
41921987
41931987
41941987
41951987
41961987
41971987
41981987
41991987
42001987
42011987
42021987
42031987
42041987
42051987
42061987
42071987
42081987
42091987
42101987
42111987
42121987
42131987
42141987
42151987
42161987
42171987
42181987
42191987
42201987
42211987
42221987
42231987
42241987
42251987
42261987
42271987
42281987
42291987
42301987
42311987
42321987
42331987
42341987
42351987
42361987
42371987
42381987
42391987
42401987
42411987
42421987
42431987
42441987
42451987
42461987
42471987
42481987
42491987
42501987
42511987
42521987
42531987
42541987
42551987
42561987
42571987
42581987
42591987
42601987
42611987
42621987
42631987
42641987
42651987
42661987
42671987
42681987
42691987
42701987
42711987
42721987
42731987
42741987
42751987
42761987
42771987
42781987
42791987
42801987
42811987
42821987
42831987
42841987
42851987
42861987
42871987
42881987
42891987
42901987
42911987
42921987
42931987
42941987
42951987
42961987
42971987
42981987
42991987
43001987
43011987
43021987
43031987
43041987
43051987
43061987
43071987
43081987
43091987
43101987
43111987
43121987
43131987
43141987
43151987
43161987
43171987
43181987
43191987
43201987
43211987
43221987
43231987
43241987
43251987
43261987
43271987
43281987
43291987
43301987
43311987
43321987
43331987
43341987
43351987
43361987
43371987
43381987
43391987
43401987
43411987
43421987
43431987
43441987
43451987
43461987
43471987
43481987
43491987
43501987
43511987
43521987
43531987
43541987
43551987
43561987
43571987
43581987
43591987
43601987
43611987
43621987
43631987
43641987
43651987
43661987
43671987
43681987
43691987
43701987
43711987
43721987
43731987
43741987
43751987
43761987
43771987
43781987
43791987
43801987
43811987
43821987
43831987
43841987
43851987
43861987
43871987
43881987
43891987
43901987
43911987
43921987
43931987
43941987
43951987
43961987
43971987
43981987
43991987
44001987
44011987
44021987
44031987
44041987
44051987
44061987
44071987
44081987
44091987
44101987
44111987
44121987
44131987
44141987
44151987
44161987
44171987
44181987
44191987
44201987
44211987
44221987
44231987
44241987
44251987
44261987
44271987
44281987
44291987
44301987
44311987
44321987
44331987
44341987
44351987
44361987
44371987
44381987
44391987
44401987
44411987
44421987
44431987
44441987
44451987
44461987
44471987
44481987
44491987
44501987
44511987
44521987
44531987
44541987
44551987
44561987
44571987
44581987
44591987
44601987
44611987
44621987
44631987
44641987
44651987
44661987
44671987
44681987
44691987
44701987
44711987
44721987
44731987
44741987
44751987
44761987
44771987
44781987
44791987
44801987
44811987
44821987
44831987
44841987
44851987
44861987
44871987
44881987
44891987
44901987
44911987
44921987
44931987
44941987
44951987
44961987
44971987
44981987
44991987
45001987
45011987
45021987
45031987
45041987
45051987
45061987
45071987
45081987
45091987
45101987
45111987
45121987
45131987
45141987
45151987
45161987
45171987
45181987
45191987
45201987
45211987
45221987
45231987
45241987
45251987
45261987
45271987
45281987
45291987
45301987
45311987
45321987
45331987
45341987
45351987
45361987
45371987
45381987
45391987
45401987
45411987
45421987
45431987
45441987
45451987
45461987
45471987
45481987
45491987
45501987
45511987
45521987
45531987
45541987
45551987
45561987
45571987
45581987
45591987
45601987
45611987
45621987
45631987
45641987
45651987
45661987
45671987
45681987
45691987
45701987
45711987
45721987
45731987
45741987
45751987
45761987
45771987
45781987
45791987
45801987
45811987
45821987
45831987
45841987
45851987
45861987
45871987
45881987
45891987
45901987
45911987
45921987
45931987
45941987
45951987
45961987
45971987
45981987
45991987
46001987
46011987
46021987
46031987
46041987
46051987
46061987
46071987
46081987
46091987
46101987
46111987
46121987
46131987
46141987
46151987
46161987
46171987
46181987
46191987
46201987
46211987
46221987
46231987
46241987
46251987
46261987
46271987
46281987
46291987
46301987
46311987
46321987
46331987
46341987
46351987
46361987
46371987
46381987
46391987
46401987
46411987
46421987
46431987
46441987
46451987
46461987
46471987
46481987
46491987
46501987
46511987
46521987
46531987
46541987
46551987
46561987
46571987
46581987
46591987
46601987
46611987
46621987
46631987
46641987
46651987
46661987
46671987
46681987
46691987
46701987
46711987
46721987
46731987
46741987
46751987
46761987
46771987
46781987
46791987
46801987
46811987
46821987
46831987
46841987
46851987
46861987
46871987
46881987
46891987
46901987
46911987
46921987
46931987
46941987
46951987
46961987
46971987
46981987
46991987
47001987
47011987
47021987
47031987
47041987
47051987
47061987
47071987
47081987
47091987
47101987
47111987
47121987
47131987
47141987
47151987
47161987
47171987
47181987
47191987
47201987
47211987
47221987
47231987
47241987
47251987
47261987
47271987
47281987
47291987
47301987
47311987
47321987
47331987
47341987
47351987
47361987
47371987
47381987
47391987
47401987
47411987
47421987
47431987
47441987
47451987
47461987
47471987
47481987
47491987
47501987
47511987
47521987
47531987
47541987
47551987
47561987
47571987
47581987
47591987
47601987
47611987
47621987
47631987
47641987
47651987
47661987
47671987
47681987
47691987
47701987
47711987
47721987
47731987
47741987
47751987
47761987
47771987
47781987
47791987
47801987
47811987
47821987
47831987
47841987
47851987
47861987
47871987
47881987
47891987
47901987
47911987
47921987
47931987
47941987
47951987
47961987
47971987
47981987
47991987
48001987
48011987
48021987
48031987
48041987
48051987
48061987
48071987
48081987
48091987
48101987
48111987
48121987
48131987
48141987
48151987
48161987
48171987
48181987
48191987
48201987
48211987
48221987
48231987
48241987
48251987
48261987
48271987
48281987
48291987
48301987
48311987
48321987
48331987
48341987
48351987
48361987
48371987
48381987
48391987
48401987
48411987
48421987
48431987
48441987
48451987
48461987
48471987
48481987
48491987
48501987
48511987
48521987
48531987
48541987
48551987
48561987
48571987
48581987
48591987
48601987
48611987
48621987
48631987
48641987
48651987
48661987
48671987
48681987
48691987
48701987
48711987
48721987
48731987
48741987
48751987
48761987
48771987
48781987
48791987
48801987
48811987
48821987
48831987
48841987
48851987
48861987
48871987
48881987
48891987
48901987
48911987
48921987
48931987
48941987
48951987
48961987
48971987
48981987
48991987
49001987
49011987
49021987
49031987
49041987
49051987
49061987
49071987
49081987
49091987
49101987
49111987
49121987
49131987
49141987
49151987
49161987
49171987
49181987
49191987
49201987
49211987
49221987
49231987
49241987
49251987
49261987
49271987
49281987
49291987
49301987
49311987
49321987
49331987
49341987
49351987
49361987
49371987
49381987
49391987
49401987
49411987
49421987
49431987
49441987
49451987
49461987
49471987
49481987
49491987
49501987
49511987
49521987
49531987
49541987
49551987
49561987
49571987
49581987
49591987
49601987
49611987
49621987
49631987
49641987
49651987
49661987
49671987
49681987
49691987
49701987
49711987
49721987
49731987
49741987
49751987
49761987
49771987
49781987
49791987
49801987
49811987
49821987
49831987
49841987
49851987
49861987
49871987
49881987
49891987
49901987
49911987
49921987
49931987
49941987
49951987
49961987
49971987
49981987
49991987
50001987
50011987
50021987
50031987
50041987
50051987
50061987
50071987
50081987
50091987
50101987
50111987
50121987
50131987
50141987
50151987
50161987
50171987
50181987
50191987
50201987
50211987
50221987
50231987
50241987
50251987
50261987
50271987
50281987
50291987
50301987
50311987
50321987
50331987
50341987
50351987
50361987
50371987
50381987
50391987
50401987
50411987
50421987
50431987
50441987
50451987
50461987
50471987
50481987
50491987
50501987
50511987
50521987
50531987
50541987
50551987
50561987
50571987
50581987
50591987
50601987
50611987
50621987
50631987
50641987
50651987
50661987
50671987
50681987
50691987
50701987
50711987
50721987
50731987
50741987
50751987
50761987
50771987
50781987
50791987
50801987
50811987
50821987
50831987
50841987
50851987
50861987
50871987
50881987
50891987
50901987
50911987
50921987
50931987
50941987
50951987
50961987
50971987
50981987
50991987
51001987
51011987
51021987
51031987
51041987
51051987
51061987
51071987
51081987
51091987
51101987
51111987
51121987
51131987
51141987
51151987
51161987
51171987
51181987
51191987
51201987
51211987
51221987
51231987
51241987
51251987
51261987
51271987
51281987
51291987
51301987
51311987
51321987
51331987
51341987
51351987
51361987
51371987
51381987
51391987
51401987
51411987
51421987
51431987
51441987
51451987
51461987
51471987
51481987
51491987
51501987
51511987
51521987
51531987
51541987
51551987
51561987
51571987
51581987
51591987
51601987
51611987
51621987
51631987
51641987
51651987
51661987
51671987
51681987
51691987
51701987
51711987
51721987
51731987
51741987
51751987
51761987
51771987
51781987
51791987
51801987
51811987
51821987
51831987
51841987
51851987
51861987
51871987
51881987
51891987
51901987
51911987
51921987
51931987
51941987
51951987
51961987
51971987
51981987
51991987
52001987
52011987
52021987
52031987
52041987
52051987
52061987
52071987
52081987
52091987
52101987
52111987
52121987
52131987
52141987
52151987
52161987
52171987
52181987
52191987
52201987
52211987
52221987
52231987
52241987
52251987
52261987
52271987
52281987
52291987
52301987
52311987
52321987
52331987
52341987
52351987
52361987
52371987
52381987
52391987
52401987
52411987
52421987
52431987
52441987
52451987
52461987
52471987
52481987
52491987
52501987
52511987
52521987
52531987
52541987
52551987
52561987
52571987
52581987
52591987
52601987
52611987
52621987
52631987
52641987
52651987
52661987
52671987
52681987
52691987
52701987
52711987
52721987
52731987
52741987
52751987
52761987
52771987
52781987
52791987
52801987
52811987
52821987
52831987
52841987
52851987
52861987
52871987
52881987
52891987
52901987
52911987
52921987
52931987
52941987
52951987
52961987
52971987
52981987
52991987
53001987
53011987
53021987
53031987
53041987
53051987
53061987
53071987
53081987
53091987
53101987
53111987
53121987
53131987
53141987
53151987
53161987
53171987
53181987
53191987
53201987
53211987
53221987
53231987
53241987
53251987
53261987
53271987
53281987
53291987
53301987
53311987
53321987
53331987
53341987
53351987
53361987
53371987
53381987
53391987
53401987
53411987
53421987
53431987
53441987
53451987
53461987
53471987
53481987
53491987
53501987
53511987
53521987
53531987
53541987
53551987
53561987
53571987
53581987
53591987
53601987
53611987
53621987
53631987
53641987
53651987
53661987
53671987
53681987
53691987
53701987
53711987
53721987
53731987
53741987
53751987
53761987
53771987
53781987
53791987
53801987
53811987
53821987
53831987
53841987
53851987
53861987
53871987
53881987
53891987
53901987
53911987
53921987
53931987
53941987
53951987
53961987
53971987
53981987
53991987
54001987
54011987
54021987
54031987
54041987
54051987
54061987
54071987
54081987
54091987
54101987
54111987
54121987
54131987
54141987
54151987
54161987
54171987
54181987
54191987
54201987
54211987
54221987
54231987
54241987
54251987
54261987
54271987
54281987
54291987
54301987
54311987
54321987
54331987
54341987
54351987
54361987
54371987
54381987
54391987
54401987
54411987
54421987
54431987
54441987
54451987
54461987
54471987
54481987
54491987
54501987
54511987
54521987
54531987
54541987
54551987
54561987
54571987
54581987
54591987
54601987
54611987
54621987
54631987
54641987
54651987
54661987
54671987
54681987
54691987
54701987
54711987
54721987
54731987
54741987
54751987
54761987
54771987
54781987
54791987
54801987
54811987
54821987
54831987
54841987
54851987
54861987
54871987
54881987
54891987
54901987
54911987
54921987
54931987
54941987
54951987
54961987
54971987
54981987
54991987
55001987
55011987
55021987
55031987
55041987
55051987
55061987
55071987
55081987
55091987
55101987
55111987
55121987
55131987
55141987
55151987
55161987
55171987
55181987
55191987
55201987
55211987
55221987
55231987
55241987
55251987
55261987
55271987
55281987
55291987
55301987
55311987
55321987
55331987
55341987
55351987
55361987
55371987
55381987
55391987
55401987
55411987
55421987
55431987
55441987
55451987
55461987
55471987
55481987
55491987
55501987
55511987
55521987
55531987
55541987
55551987
55561987
55571987
55581987
55591987
55601987
55611987
55621987
55631987
55641987
55651987
55661987
55671987
55681987
55691987
55701987
55711987
55721987
55731987
55741987
55751987
55761987
55771987
55781987
55791987
55801987
55811987
55821987
55831987
55841987
55851987
55861987
55871987
55881987
55891987
55901987
55911987
55921987
55931987
55941987
55951987
55961987
55971987
55981987
55991987
56001987
56011987
56021987
56031987
56041987
56051987
56061987
56071987
56081987
56091987
56101987
56111987
56121987
56131987
56141987
56151987
56161987
56171987
56181987
56191987
56201987
56211987
56221987
56231987
56241987
56251987
56261987
56271987
56281987
56291987
56301987
56311987
56321987
56331987
56341987
56351987
56361987
56371987
56381987
56391987
56401987
56411987
56421987
56431987
56441987
56451987
56461987
56471987
56481987
56491987
56501987
56511987
56521987
56531987
56541987
56551987
56561987
56571987
56581987
56591987
56601987
56611987
56621987
56631987
56641987
56651987
56661987
56671987
56681987
56691987
56701987
56711987
56721987
56731987
56741987
56751987
56761987
56771987
56781987
56791987
56801987
56811987
56821987
56831987
56841987
56851987
56861987
56871987
56881987
56891987
56901987
56911987
56921987
56931987
56941987
56951987
56961987
56971987
56981987
56991987
57001987
57011987
57021987
57031987
57041987
57051987
57061987
57071987
57081987
57091987
57101987
57111987
57121987
57131987
57141987
57151987
57161987
57171987
57181987
57191987
57201987
57211987
57221987
57231987
57241987
57251987
57261987
57271987
57281987
57291987
57301987
57311987
57321987
57331987
57341987
57351987
57361987
57371987
57381987
57391987
57401987
57411987
57421987
57431987
57441987
57451987
57461987
57471987
57481987
57491987
57501987
57511987
57521987
57531987
57541987
57551987
57561987
57571987
57581987
57591987
57601987
57611987
57621987
57631987
57641987
57651987
57661987
57671987
57681987
57691987
57701987
57711987
57721987
57731987
57741987
57751987
57761987
57771987
57781987
57791987
57801987
57811987
57821987
57831987
57841987
57851987
57861987
57871987
57881987
57891987
57901987
57911987
57921987
57931987
57941987
57951987
57961987
57971987
57981987
57991987
58001987
58011987
58021987
58031987
58041987
58051987
58061987
58071987
58081987
58091987
58101987
58111987
58121987
58131987
58141987
58151987
58161987
58171987
58181987
58191987
58201987
58211987
58221987
58231987
58241987
58251987
58261987
58271987
58281987
58291987
58301987
58311987
58321987
58331987
58341987
58351987
58361987
58371987
58381987
58391987
58401987
58411987
58421987
58431987
58441987
58451987
58461987
58471987
58481987
58491987
58501987
58511987
58521987
58531987
58541987
58551987
58561987
58571987
58581987
58591987
58601987
58611987
58621987
58631987
58641987
58651987
58661987
58671987
58681987
58691987
58701987
58711987
58721987
58731987
58741987
58751987
58761987
58771987
58781987
58791987
58801987
58811987
58821987
58831987
58841987
58851987
58861987
58871987
58881987
58891987
58901987
58911987
58921987
58931987
58941987
58951987
58961987
58971987
58981987
58991987
59001987
59011987
59021987
59031987
59041987
59051987
59061987
59071987
59081987
59091987
59101987
59111987
59121987
59131987
59141987
59151987
59161987
59171987
59181987
59191987
59201987
59211987
59221987
59231987
59241987
59251987
59261987
59271987
59281987
59291987
59301987
59311987
59321987
59331987
59341987
59351987
59361987
59371987
59381987
59391987
59401987
59411987
59421987
59431987
59441987
59451987
59461987
59471987
59481987
59491987
59501987
59511987
59521987
59531987
59541987
59551987
59561987
59571987
59581987
59591987
59601987
59611987
59621987
59631987
59641987
59651987
59661987
59671987
59681987
59691987
59701987
59711987
59721987
59731987
59741987
59751987
59761987
59771987
59781987
59791987
59801987
59811987
59821987
59831987
59841987
59851987
59861987
59871987
59881987
59891987
59901987
59911987
59921987
59931987
59941987
59951987
59961987
59971987
59981987
59991987
60001987
60011987
60021987
60031987
60041987
60051987
60061987
60071987
60081987
60091987
60101987
60111987
60121987
60131987
60141987
60151987
60161987
60171987
60181987
60191987
60201987
60211987
60221987
60231987
60241987
60251987
60261987
60271987
60281987
60291987
60301987
60311987
60321987
60331987
60341987
60351987
60361987
60371987
60381987
60391987
60401987
60411987
60421987
60431987
60441987
60451987
60461987
60471987
60481987
60491987
60501987
60511987
60521987
60531987
60541987
60551987
60561987
60571987
60581987
60591987
60601987
60611987
60621987
60631987
60641987
60651987
60661987
60671987
60681987
60691987
60701987
60711987
60721987
60731987
60741987
60751987
60761987
60771987
60781987
60791987
60801987
60811987
60821987
60831987
60841987
60851987
60861987
60871987
60881987
60891987
60901987
60911987
60921987
60931987
60941987
60951987
60961987
60971987
60981987
60991987
61001987
61011987
61021987
61031987
61041987
61051987
61061987
61071987
61081987
61091987
61101987
61111987
61121987
61131987
61141987
61151987
61161987
61171987
61181987
61191987
61201987
61211987
61221987
61231987
61241987
61251987
61261987
61271987
61281987
61291987
61301987
61311987
61321987
61331987
61341987
61351987
61361987
61371987
61381987
61391987
61401987
61411987
61421987
61431987
61441987
61451987
61461987
61471987
61481987
61491987
61501987
61511987
61521987
61531987
61541987
61551987
61561987
61571987
61581987
61591987
61601987
61611987
61621987
61631987
61641987
61651987
61661987
61671987
61681987
61691987
61701987
61711987
61721987
61731987
61741987
61751987
61761987
61771987
61781987
61791987
61801987
61811987
61821987
61831987
61841987
61851987
61861987
61871987
61881987
61891987
61901987
61911987
61921987
61931987
61941987
61951987
61961987
61971987
61981987
61991987
62001987
62011987
62021987
62031987
62041987
62051987
62061987
62071987
62081987
62091987
62101987
62111987
62121987
62131987
62141987
62151987
62161987
62171987
62181987
62191987
62201987
62211987
62221987
62231987
62241987
62251987
62261987
62271987
62281987
62291987
62301987
62311987
62321987
62331987
62341987
62351987
62361987
62371987
62381987
62391987
62401987
62411987
62421987
62431987
62441987
62451987
62461987
62471987
62481987
62491987
62501987
62511987
62521987
62531987
62541987
62551987
62561987
62571987
62581987
62591987
62601987
62611987
62621987
62631987
62641987
62651987
62661987
62671987
62681987
62691987
62701987
62711987
62721987
62731987
62741987
62751987
62761987
62771987
62781987
62791987
62801987
62811987
62821987
62831987
62841987
62851987
62861987
62871987
62881987
62891987
62901987
62911987
62921987
62931987
62941987
62951987
62961987
62971987
62981987
62991987
63001987
63011987
63021987
63031987
63041987
63051987
63061987
63071987
63081987
63091987
63101987
63111987
63121987
63131987
63141987
63151987
63161987
63171987
63181987
63191987
63201987
63211987
63221987
63231987
63241987
63251987
63261987
63271987
63281987
63291987
63301987
63311987
63321987
63331987
63341987
63351987
63361987
63371987
63381987
63391987
63401987
63411987
63421987
63431987
63441987
63451987
63461987
63471987
63481987
63491987
63501987
63511987
63521987
63531987
63541987
63551987
63561987
63571987
63581987
63591987
63601987
63611987
63621987
63631987
63641987
63651987
63661987
63671987
63681987
63691987
63701987
63711987
63721987
63731987
63741987
63751987
63761987
63771987
63781987
63791987
63801987
63811987
63821987
63831987
63841987
63851987
63861987
63871987
63881987
63891987
63901987
63911987
63921987
63931987
63941987
63951987
63961987
63971987
63981987
63991987
64001987
64011987
64021987
64031987
64041987
64051987
64061987
64071987
64081987
64091987
64101987
64111987
64121987
64131987
64141987
64151987
64161987
64171987
64181987
64191987
64201987
64211987
64221987
64231987
64241987
64251987
64261987
64271987
64281987
64291987
64301987
64311987
64321987
64331987
64341987
64351987
64361987
64371987
64381987
64391987
64401987
64411987
64421987
64431987
64441987
64451987
64461987
64471987
64481987
64491987
64501987
64511987
64521987
64531987
64541987
64551987
64561987
64571987
64581987
64591987
64601987
64611987
64621987
64631987
64641987
64651987
64661987
64671987
64681987
64691987
64701987
64711987
64721987
64731987
64741987
64751987
64761987
64771987
64781987
64791987
64801987
64811987
64821987
64831987
64841987
64851987
64861987
64871987
64881987
64891987
64901987
64911987
64921987
64931987
64941987
64951987
64961987
64971987
64981987
64991987
65001987
65011987
65021987
65031987
65041987
65051987
65061987
65071987
65081987
65091987
65101987
65111987
65121987
65131987
65141987
65151987
65161987
65171987
65181987
65191987
65201987
65211987
65221987
65231987
65241987
65251987
65261987
65271987
65281987
65291987
65301987
65311987
65321987
65331987
65341987
65351987
65361987
65371987
65381987
65391987
65401987
65411987
65421987
65431987
65441987
65451987
65461987
65471987
65481987
65491987
65501987
65511987
65521987
65531987
65541987
65551987
65561987
65571987
65581987
65591987
65601987
65611987
65621987
65631987
65641987
65651987
65661987
65671987
65681987
65691987
65701987
65711987
65721987
65731987
65741987
65751987
65761987
65771987
65781987
65791987
65801987
65811987
65821987
65831987
65841987
65851987
65861987
65871987
65881987
65891987
65901987
65911987
65921987
65931987
65941987
65951987
65961987
65971987
65981987
65991987
66001987
66011987
66021987
66031987
66041987
66051987
66061987
66071987
66081987
66091987
66101987
66111987
66121987
66131987
66141987
66151987
66161987
66171987
66181987
66191987
66201987
66211987
66221987
66231987
66241987
66251987
66261987
66271987
66281987
66291987
66301987
66311987
66321987
66331987
66341987
66351987
66361987
66371987
66381987
66391987
66401987
66411987
66421987
66431987
66441987
66451987
66461987
66471987
66481987
66491987
66501987
66511987
66521987
66531987
66541987
66551987
66561987
66571987
66581987
66591987
66601987
66611987
66621987
66631987
66641987
66651987
66661987
66671987
66681987
66691987
66701987
66711987
66721987
66731987
66741987
66751987
66761987
66771987
66781987
66791987
66801987
66811987
66821987
66831987
66841987
66851987
66861987
66871987
66881987
66891987
66901987
66911987
66921987
66931987
66941987
66951987
66961987
66971987
66981987
66991987
67001987
67011987
67021987
67031987
67041987
67051987
67061987
67071987
67081987
67091987
67101987
67111987
67121987
67131987
67141987
67151987
67161987
67171987
67181987
67191987
67201987
67211987
67221987
67231987
67241987
67251987
67261987
67271987
67281987
67291987
67301987
67311987
67321987
67331987
67341987
67351987
67361987
67371987
67381987
67391987
67401987
67411987
67421987
67431987
67441987
67451987
67461987
67471987
67481987
67491987
67501987
67511987
67521987
67531987
67541987
67551987
67561987
67571987
67581987
67591987
67601987
67611987
67621987
67631987
67641987
67651987
67661987
67671987
67681987
67691987
67701987
67711987
67721987
67731987
67741987
67751987
67761987
67771987
67781987
67791987
67801987
67811987
67821987
67831987
67841987
67851987
67861987
67871987
67881987
67891987
67901987
67911987
67921987
67931987
67941987
67951987
67961987
67971987
67981987
67991987
68001987
68011987
68021987
68031987
68041987
68051987
68061987
68071987
68081987
68091987
68101987
68111987
68121987
68131987
68141987
68151987
68161987
68171987
68181987
68191987
68201987
68211987
68221987
68231987
68241987
68251987
68261987
68271987
68281987
68291987
68301987
68311987
68321987
68331987
68341987
68351987
68361987
68371987
68381987
68391987
68401987
68411987
68421987
68431987
68441987
68451987
68461987
68471987
68481987
68491987
68501987
68511987
68521987
68531987
68541987
68551987
68561987
68571987
68581987
68591987
68601987
68611987
68621987
68631987
68641987
68651987
68661987
68671987
68681987
68691987
68701987
68711987
68721987
68731987
68741987
68751987
68761987
68771987
68781987
68791987
68801987
68811987
68821987
68831987
68841987
68851987
68861987
68871987
68881987
68891987
68901987
68911987
68921987
68931987
68941987
68951987
68961987
68971987
68981987
68991987
69001987
69011987
69021987
69031987
69041987
69051987
69061987
69071987
69081987
69091987
69101987
69111987
69121987
69131987
69141987
69151987
69161987
69171987
69181987
69191987
69201987
69211987
69221987
69231987
69241987
69251987
69261987
69271987
69281987
69291987
69301987
69311987
69321987
69331987
69341987
69351987
69361987
69371987
69381987
69391987
69401987
69411987
69421987
69431987
69441987
69451987
69461987
69471987
69481987
69491987
69501987
69511987
69521987
69531987
69541987
69551987
69561987
69571987
69581987
69591987
69601987
69611987
69621987
69631987
69641987
69651987
69661987
69671987
69681987
69691987
69701987
69711987
69721987
69731987
69741987
69751987
69761987
69771987
69781987
69791987
69801987
69811987
69821987
69831987
69841987
69851987
69861987
69871987
69881987
69891987
69901987
69911987
69921987
69931987
69941987
69951987
69961987
69971987
69981987
69991987
70001987
70011987
70021987
70031987
70041987
70051987
70061987
70071987
70081987
70091987
70101987
70111987
70121987
70131987
70141987
70151987
70161987
70171987
70181987
70191987
70201987
70211987
70221987
70231987
70241987
70251987
70261987
70271987
70281987
70291987
70301987
70311987
70321987
70331987
70341987
70351987
70361987
70371987
70381987
70391987
70401987
70411987
70421987
70431987
70441987
70451987
70461987
70471987
70481987
70491987
70501987
70511987
70521987
70531987
70541987
70551987
70561987
70571987
70581987
70591987
70601987
70611987
70621987
70631987
70641987
70651987
70661987
70671987
70681987
70691987
70701987
70711987
70721987
70731987
70741987
70751987
70761987
70771987
70781987
70791987
70801987
70811987
70821987
70831987
70841987
70851987
70861987
70871987
70881987
70891987
70901987
70911987
70921987
70931987
70941987
70951987
70961987
70971987
70981987
70991987
71001987
71011987
71021987
71031987
71041987
71051987
71061987
71071987
71081987
71091987
71101987
71111987
71121987
71131987
71141987
71151987
71161987
71171987
71181987
71191987
71201987
71211987
71221987
71231987
71241987
71251987
71261987
71271987
71281987
71291987
71301987
71311987
71321987
71331987
71341987
71351987
71361987
71371987
71381987
71391987
71401987
71411987
71421987
71431987
71441987
71451987
71461987
71471987
71481987
71491987
71501987
71511987
71521987
71531987
71541987
71551987
71561987
71571987
71581987
71591987
71601987
71611987
71621987
71631987
71641987
71651987
71661987
71671987
71681987
71691987
71701987
71711987
71721987
71731987
71741987
71751987
71761987
71771987
71781987
71791987
71801987
71811987
71821987
71831987
71841987
71851987
71861987
71871987
71881987
71891987
71901987
71911987
71921987
71931987
71941987
71951987
71961987
71971987
71981987
71991987
72001987
72011987
72021987
72031987
72041987
72051987
72061987
72071987
72081987
72091987
72101987
72111987
72121987
72131987
72141987
72151987
72161987
72171987
72181987
72191987
72201987
72211987
72221987
72231987
72241987
72251987
72261987
72271987
72281987
72291987
72301987
72311987
72321987
72331987
72341987
72351987
72361987
72371987
72381987
72391987
72401987
72411987
72421987
72431987
72441987
72451987
72461987
72471987
72481987
72491987
72501987
72511987
72521987
72531987
72541987
72551987
72561987
72571987
72581987
72591987
72601987
72611987
72621987
72631987
72641987
72651987
72661987
72671987
72681987
72691987
72701987
72711987
72721987
72731987
72741987
72751987
72761987
72771987
72781987
72791987
72801987
72811987
72821987
72831987
72841987
72851987
72861987
72871987
72881987
72891987
72901987
72911987
72921987
72931987
72941987
72951987
72961987
72971987
72981987
72991987
73001987
73011987
73021987
73031987
73041987
73051987
73061987
73071987
73081987
73091987
73101987
73111987
73121987
73131987
73141987
73151987
73161987
73171987
73181987
73191987
73201987
73211987
73221987
73231987
73241987
73251987
73261987
73271987
73281987
73291987
73301987
73311987
73321987
73331987
73341987
73351987
73361987
73371987
73381987
73391987
73401987
73411987
73421987
73431987
73441987
73451987
73461987
73471987
73481987
73491987
73501987
73511987
73521987
73531987
73541987
73551987
73561987
73571987
73581987
73591987
73601987
73611987
73621987
73631987
73641987
73651987
73661987
73671987
73681987
73691987
73701987
73711987
73721987
73731987
73741987
73751987
73761987
73771987
73781987
73791987
73801987
73811987
73821987
73831987
73841987
73851987
73861987
73871987
73881987
73891987
73901987
73911987
73921987
73931987
73941987
73951987
73961987
73971987
73981987
73991987
74001987
74011987
74021987
74031987
74041987
74051987
74061987
74071987
74081987
74091987
74101987
74111987
74121987
74131987
74141987
74151987
74161987
74171987
74181987
74191987
74201987
74211987
74221987
74231987
74241987
74251987
74261987
74271987
74281987
74291987
74301987
74311987
74321987
74331987
74341987
74351987
74361987
74371987
74381987
74391987
74401987
74411987
74421987
74431987
74441987
74451987
74461987
74471987
74481987
74491987
74501987
74511987
74521987
74531987
74541987
74551987
74561987
74571987
74581987
74591987
74601987
74611987
74621987
74631987
74641987
74651987
74661987
74671987
74681987
74691987
74701987
74711987
74721987
74731987
74741987
74751987
74761987
74771987
74781987
74791987
74801987
74811987
74821987
74831987
74841987
74851987
74861987
74871987
74881987
74891987
74901987
74911987
74921987
74931987
74941987
74951987
74961987
74971987
74981987
74991987
75001987
75011987
75021987
75031987
75041987
75051987
75061987
75071987
75081987
75091987
75101987
75111987
75121987
75131987
75141987
75151987
75161987
75171987
75181987
75191987
75201987
75211987
75221987
75231987
75241987
75251987
75261987
75271987
75281987
75291987
75301987
75311987
75321987
75331987
75341987
75351987
75361987
75371987
75381987
75391987
75401987
75411987
75421987
75431987
75441987
75451987
75461987
75471987
75481987
75491987
75501987
75511987
75521987
75531987
75541987
75551987
75561987
75571987
75581987
75591987
75601987
75611987
75621987
75631987
75641987
75651987
75661987
75671987
75681987
75691987
75701987
75711987
75721987
75731987
75741987
75751987
75761987
75771987
75781987
75791987
75801987
75811987
75821987
75831987
75841987
75851987
75861987
75871987
75881987
75891987
75901987
75911987
75921987
75931987
75941987
75951987
75961987
75971987
75981987
75991987
76001987
76011987
76021987
76031987
76041987
76051987
76061987
76071987
76081987
76091987
76101987
76111987
76121987
76131987
76141987
76151987
76161987
76171987
76181987
76191987
76201987
76211987
76221987
76231987
76241987
76251987
76261987
76271987
76281987
76291987
76301987
76311987
76321987
76331987
76341987
76351987
76361987
76371987
76381987
76391987
76401987
76411987
76421987
76431987
76441987
76451987
76461987
76471987
76481987
76491987
76501987
76511987
76521987
76531987
76541987
76551987
76561987
76571987
76581987
76591987
76601987
76611987
76621987
76631987
76641987
76651987
76661987
76671987
76681987
76691987
76701987
76711987
76721987
76731987
76741987
76751987
76761987
76771987
76781987
76791987
76801987
76811987
76821987
76831987
76841987
76851987
76861987
76871987
76881987
76891987
76901987
76911987
76921987
76931987
76941987
76951987
76961987
76971987
76981987
76991987
77001987
77011987
77021987
77031987
77041987
77051987
77061987
77071987
77081987
77091987
77101987
77111987
77121987
77131987
77141987
77151987
77161987
77171987
77181987
77191987
77201987
77211987
77221987
77231987
77241987
77251987
77261987
77271987
77281987
77291987
77301987
77311987
77321987
77331987
77341987
77351987
77361987
77371987
77381987
77391987
77401987
77411987
77421987
77431987
77441987
77451987
77461987
77471987
77481987
77491987
77501987
77511987
77521987
77531987
77541987
77551987
77561987
77571987
77581987
77591987
77601987
77611987
77621987
77631987
77641987
77651987
77661987
77671987
77681987
77691987
77701987
77711987
77721987
77731987
77741987
77751987
77761987
77771987
77781987
77791987
77801987
77811987
77821987
77831987
77841987
77851987
77861987
77871987
77881987
77891987
77901987
77911987
77921987
77931987
77941987
77951987
77961987
77971987
77981987
77991987
78001987
78011987
78021987
78031987
78041987
78051987
78061987
78071987
78081987
78091987
78101987
78111987
78121987
78131987
78141987
78151987
78161987
78171987
78181987
78191987
78201987
78211987
78221987
78231987
78241987
78251987
78261987
78271987
78281987
78291987
78301987
78311987
78321987
78331987
78341987
78351987
78361987
78371987
78381987
78391987
78401987
78411987
78421987
78431987
78441987
78451987
78461987
78471987
78481987
78491987
78501987
78511987
78521987
78531987
78541987
78551987
78561987
78571987
78581987
78591987
78601987
78611987
78621987
78631987
78641987
78651987
78661987
78671987
78681987
78691987
78701987
78711987
78721987
78731987
78741987
78751987
78761987
78771987
78781987
78791987
78801987
78811987
78821987
78831987
78841987
78851987
78861987
78871987
78881987
78891987
78901987
78911987
78921987
78931987
78941987
78951987
78961987
78971987
78981987
78991987
79001987
79011987
79021987
79031987
79041987
79051987
79061987
79071987
79081987
79091987
79101987
79111987
79121987
79131987
79141987
79151987
79161987
79171987
79181987
79191987
79201987
79211987
79221987
79231987
79241987
79251987
79261987
79271987
79281987
79291987
79301987
79311987
79321987
79331987
79341987
79351987
79361987
79371987
79381987
79391987
79401987
79411987
79421987
79431987
79441987
79451987
79461987
79471987
79481987
79491987
79501987
79511987
79521987
79531987
79541987
79551987
79561987
79571987
79581987
79591987
79601987
79611987
79621987
79631987
79641987
79651987
79661987
79671987
79681987
79691987
79701987
79711987
79721987
79731987
79741987
79751987
79761987
79771987
79781987
79791987
79801987
79811987
79821987
79831987
79841987
79851987
79861987
79871987
79881987
79891987
79901987
79911987
79921987
79931987
79941987
79951987
79961987
79971987
79981987
79991987
80001987
80011987
80021987
80031987
80041987
80051987
80061987
80071987
80081987
80091987
80101987
80111987
80121987
80131987
80141987
80151987
80161987
80171987
80181987
80191987
80201987
80211987
80221987
80231987
80241987
80251987
80261987
80271987
80281987
80291987
80301987
80311987
80321987
80331987
80341987
80351987
80361987
80371987
80381987
80391987
80401987
80411987
80421987
80431987
80441987
80451987
80461987
80471987
80481987
80491987
80501987
80511987
80521987
80531987
80541987
80551987
80561987
80571987
80581987
80591987
80601987
80611987
80621987
80631987
80641987
80651987
80661987
80671987
80681987
80691987
80701987
80711987
80721987
80731987
80741987
80751987
80761987
80771987
80781987
80791987
80801987
80811987
80821987
80831987
80841987
80851987
80861987
80871987
80881987
80891987
80901987
80911987
80921987
80931987
80941987
80951987
80961987
80971987
80981987
80991987
81001987
81011987
81021987
81031987
81041987
81051987
81061987
81071987
81081987
81091987
81101987
81111987
81121987
81131987
81141987
81151987
81161987
81171987
81181987
81191987
81201987
81211987
81221987
81231987
81241987
81251987
81261987
81271987
81281987
81291987
81301987
81311987
81321987
81331987
81341987
81351987
81361987
81371987
81381987
81391987
81401987
81411987
81421987
81431987
81441987
81451987
81461987
81471987
81481987
81491987
81501987
81511987
81521987
81531987
81541987
81551987
81561987
81571987
81581987
81591987
81601987
81611987
81621987
81631987
81641987
81651987
81661987
81671987
81681987
81691987
81701987
81711987
81721987
81731987
81741987
81751987
81761987
81771987
81781987
81791987
81801987
81811987
81821987
81831987
81841987
81851987
81861987
81871987
81881987
81891987
81901987
81911987
81921987
81931987
81941987
81951987
81961987
81971987
81981987
81991987
82001987
82011987
82021987
82031987
82041987
82051987
82061987
82071987
82081987
82091987
82101987
82111987
82121987
82131987
82141987
82151987
82161987
82171987
82181987
82191987
82201987
82211987
82221987
82231987
82241987
82251987
82261987
82271987
82281987
82291987
82301987
82311987
82321987
82331987
82341987
82351987
82361987
82371987
82381987
82391987
82401987
82411987
82421987
82431987
82441987
82451987
82461987
82471987
82481987
82491987
82501987
82511987
82521987
82531987
82541987
82551987
82561987
82571987
82581987
82591987
82601987
82611987
82621987
82631987
82641987
82651987
82661987
82671987
82681987
82691987
82701987
82711987
82721987
82731987
82741987
82751987
82761987
82771987
82781987
82791987
82801987
82811987
82821987
82831987
82841987
82851987
82861987
82871987
82881987
82891987
82901987
82911987
82921987
82931987
82941987
82951987
82961987
82971987
82981987
82991987
83001987
83011987
83021987
83031987
83041987
83051987
83061987
83071987
83081987
83091987
83101987
83111987
83121987
83131987
83141987
83151987
83161987
83171987
83181987
83191987
83201987
83211987
83221987
83231987
83241987
83251987
83261987
83271987
83281987
83291987
83301987
83311987
83321987
83331987
83341987
83351987
83361987
83371987
83381987
83391987
83401987
83411987
83421987
83431987
83441987
83451987
83461987
83471987
83481987
83491987
83501987
83511987
83521987
83531987
83541987
83551987
83561987
83571987
83581987
83591987
83601987
83611987
83621987
83631987
83641987
83651987
83661987
83671987
83681987
83691987
83701987
83711987
83721987
83731987
83741987
83751987
83761987
83771987
83781987
83791987
83801987
83811987
83821987
83831987
83841987
83851987
83861987
83871987
83881987
83891987
83901987
83911987
83921987
83931987
83941987
83951987
83961987
83971987
83981987
83991987
84001987
84011987
84021987
84031987
84041987
84051987
84061987
84071987
84081987
84091987
84101987
84111987
84121987
84131987
84141987
84151987
84161987
84171987
84181987
84191987
84201987
84211987
84221987
84231987
84241987
84251987
84261987
84271987
84281987
84291987
84301987
84311987
84321987
84331987
84341987
84351987
84361987
84371987
84381987
84391987
84401987
84411987
84421987
84431987
84441987
84451987
84461987
84471987
84481987
84491987
84501987
84511987
84521987
84531987
84541987
84551987
84561987
84571987
84581987
84591987
84601987
84611987
84621987
84631987
84641987
84651987
84661987
84671987
84681987
84691987
84701987
84711987
84721987
84731987
84741987
84751987
84761987
84771987
84781987
84791987
84801987
84811987
84821987
84831987
84841987
84851987
84861987
84871987
84881987
84891987
84901987
84911987
84921987
84931987
84941987
84951987
84961987
84971987
84981987
84991987
85001987
85011987
85021987
85031987
85041987
85051987
85061987
85071987
85081987
85091987
85101987
85111987
85121987
85131987
85141987
85151987
85161987
85171987
85181987
85191987
85201987
85211987
85221987
85231987
85241987
85251987
85261987
85271987
85281987
85291987
85301987
85311987
85321987
85331987
85341987
85351987
85361987
85371987
85381987
85391987
85401987
85411987
85421987
85431987
85441987
85451987
85461987
85471987
85481987
85491987
85501987
85511987
85521987
85531987
85541987
85551987
85561987
85571987
85581987
85591987
85601987
85611987
85621987
85631987
85641987
85651987
85661987
85671987
85681987
85691987
85701987
85711987
85721987
85731987
85741987
85751987
85761987
85771987
85781987
85791987
85801987
85811987
85821987
85831987
85841987
85851987
85861987
85871987
85881987
85891987
85901987
85911987
85921987
85931987
85941987
85951987
85961987
85971987
85981987
85991987
86001987
86011987
86021987
86031987
86041987
86051987
86061987
86071987
86081987
86091987
86101987
86111987
86121987
86131987
86141987
86151987
86161987
86171987
86181987
86191987
86201987
86211987
86221987
86231987
86241987
86251987
86261987
86271987
86281987
86291987
86301987
86311987
86321987
86331987
86341987
86351987
86361987
86371987
86381987
86391987
86401987
86411987
86421987
86431987
86441987
86451987
86461987
86471987
86481987
86491987
86501987
86511987
86521987
86531987
86541987
86551987
86561987
86571987
86581987
86591987
86601987
86611987
86621987
86631987
86641987
86651987
86661987
86671987
86681987
86691987
86701987
86711987
86721987
86731987
86741987
86751987
86761987
86771987
86781987
86791987
86801987
86811987
86821987
86831987
86841987
86851987
86861987
86871987
86881987
86891987
86901987
86911987
86921987
86931987
86941987
86951987
86961987
86971987
86981987
86991987
87001987
87011987
87021987
87031987
87041987
87051987
87061987
87071987
87081987
87091987
87101987
87111987
87121987
87131987
87141987
87151987
87161987
87171987
87181987
87191987
87201987
87211987
87221987
87231987
87241987
87251987
87261987
87271987
87281987
87291987
87301987
87311987
87321987
87331987
87341987
87351987
87361987
87371987
87381987
87391987
87401987
87411987
87421987
87431987
87441987
87451987
87461987
87471987
87481987
87491987
87501987
87511987
87521987
87531987
87541987
87551987
87561987
87571987
87581987
87591987
87601987
87611987
87621987
87631987
87641987
87651987
87661987
87671987
87681987
87691987
87701987
87711987
87721987
87731987
87741987
87751987
87761987
87771987
87781987
87791987
87801987
87811987
87821987
87831987
87841987
87851987
87861987
87871987
87881987
87891987
87901987
87911987
87921987
87931987
87941987
87951987
87961987
87971987
87981987
87991987
88001987
88011987
88021987
88031987
88041987
88051987
88061987
88071987
88081987
88091987
88101987
88111987
88121987
88131987
88141987
88151987
88161987
88171987
88181987
88191987
88201987
88211987
88221987
88231987
88241987
88251987
88261987
88271987
88281987
88291987
88301987
88311987
88321987
88331987
88341987
88351987
88361987
88371987
88381987
88391987
88401987
88411987
88421987
88431987
88441987
88451987
88461987
88471987
88481987
88491987
88501987
88511987
88521987
88531987
88541987
88551987
88561987
88571987
88581987
88591987
88601987
88611987
88621987
88631987
88641987
88651987
88661987
88671987
88681987
88691987
88701987
88711987
88721987
88731987
88741987
88751987
88761987
88771987
88781987
88791987
88801987
88811987
88821987
88831987
88841987
88851987
88861987
88871987
88881987
88891987
88901987
88911987
88921987
88931987
88941987
88951987
88961987
88971987
88981987
88991987
89001987
89011987
89021987
89031987
89041987
89051987
89061987
89071987
89081987
89091987
89101987
89111987
89121987
89131987
89141987
89151987
89161987
89171987
89181987
89191987
89201987
89211987
89221987
89231987
89241987
89251987
89261987
89271987
89281987
89291987
89301987
89311987
89321987
89331987
89341987
89351987
89361987
89371987
89381987
89391987
89401987
89411987
89421987
89431987
89441987
89451987
89461987
89471987
89481987
89491987
89501987
89511987
89521987
89531987
89541987
89551987
89561987
89571987
89581987
89591987
89601987
89611987
89621987
89631987
89641987
89651987
89661987
89671987
89681987
89691987
89701987
89711987
89721987
89731987
89741987
89751987
89761987
89771987
89781987
89791987
89801987
89811987
89821987
89831987
89841987
89851987
89861987
89871987
89881987
89891987
89901987
89911987
89921987
89931987
89941987
89951987
89961987
89971987
89981987
89991987
90001987
90011987
90021987
90031987
90041987
90051987
90061987
90071987
90081987
90091987
90101987
90111987
90121987
90131987
90141987
90151987
90161987
90171987
90181987
90191987
90201987
90211987
90221987
90231987
90241987
90251987
90261987
90271987
90281987
90291987
90301987
90311987
90321987
90331987
90341987
90351987
90361987
90371987
90381987
90391987
90401987
90411987
90421987
90431987
90441987
90451987
90461987
90471987
90481987
90491987
90501987
90511987
90521987
90531987
90541987
90551987
90561987
90571987
90581987
90591987
90601987
90611987
90621987
90631987
90641987
90651987
90661987
90671987
90681987
90691987
90701987
90711987
90721987
90731987
90741987
90751987
90761987
90771987
90781987
90791987
90801987
90811987
90821987
90831987
90841987
90851987
90861987
90871987
90881987
90891987
90901987
90911987
90921987
90931987
90941987
90951987
90961987
90971987
90981987
90991987
91001987
91011987
91021987
91031987
91041987
91051987
91061987
91071987
91081987
91091987
91101987
91111987
91121987
91131987
91141987
91151987
91161987
91171987
91181987
91191987
91201987
91211987
91221987
91231987
91241987
91251987
91261987
91271987
91281987
91291987
91301987
91311987
91321987
91331987
91341987
91351987
91361987
91371987
91381987
91391987
91401987
91411987
91421987
91431987
91441987
91451987
91461987
91471987
91481987
91491987
91501987
91511987
91521987
91531987
91541987
91551987
91561987
91571987
91581987
91591987
91601987
91611987
91621987
91631987
91641987
91651987
91661987
91671987
91681987
91691987
91701987
91711987
91721987
91731987
91741987
91751987
91761987
91771987
91781987
91791987
91801987
91811987
91821987
91831987
91841987
91851987
91861987
91871987
91881987
91891987
91901987
91911987
91921987
91931987
91941987
91951987
91961987
91971987
91981987
91991987
92001987
92011987
92021987
92031987
92041987
92051987
92061987
92071987
92081987
92091987
92101987
92111987
92121987
92131987
92141987
92151987
92161987
92171987
92181987
92191987
92201987
92211987
92221987
92231987
92241987
92251987
92261987
92271987
92281987
92291987
92301987
92311987
92321987
92331987
92341987
92351987
92361987
92371987
92381987
92391987
92401987
92411987
92421987
92431987
92441987
92451987
92461987
92471987
92481987
92491987
92501987
92511987
92521987
92531987
92541987
92551987
92561987
92571987
92581987
92591987
92601987
92611987
92621987
92631987
92641987
92651987
92661987
92671987
92681987
92691987
92701987
92711987
92721987
92731987
92741987
92751987
92761987
92771987
92781987
92791987
92801987
92811987
92821987
92831987
92841987
92851987
92861987
92871987
92881987
92891987
92901987
92911987
92921987
92931987
92941987
92951987
92961987
92971987
92981987
92991987
93001987
93011987
93021987
93031987
93041987
93051987
93061987
93071987
93081987
93091987
93101987
93111987
93121987
93131987
93141987
93151987
93161987
93171987
93181987
93191987
93201987
93211987
93221987
93231987
93241987
93251987
93261987
93271987
93281987
93291987
93301987
93311987
93321987
93331987
93341987
93351987
93361987
93371987
93381987
93391987
93401987
93411987
93421987
93431987
93441987
93451987
93461987
93471987
93481987
93491987
93501987
93511987
93521987
93531987
93541987
93551987
93561987
93571987
93581987
93591987
93601987
93611987
93621987
93631987
93641987
93651987
93661987
93671987
93681987
93691987
93701987
93711987
93721987
93731987
93741987
93751987
93761987
93771987
93781987
93791987
93801987
93811987
93821987
93831987
93841987
93851987
93861987
93871987
93881987
93891987
93901987
93911987
93921987
93931987
93941987
93951987
93961987
93971987
93981987
93991987
94001987
94011987
94021987
94031987
94041987
94051987
94061987
94071987
94081987
94091987
94101987
94111987
94121987
94131987
94141987
94151987
94161987
94171987
94181987
94191987
94201987
94211987
94221987
94231987
94241987
94251987
94261987
94271987
94281987
94291987
94301987
94311987
94321987
94331987
94341987
94351987
94361987
94371987
94381987
94391987
94401987
94411987
94421987
94431987
94441987
94451987
94461987
94471987
94481987
94491987
94501987
94511987
94521987
94531987
94541987
94551987
94561987
94571987
94581987
94591987
94601987
94611987
94621987
94631987
94641987
94651987
94661987
94671987
94681987
94691987
94701987
94711987
94721987
94731987
94741987
94751987
94761987
94771987
94781987
94791987
94801987
94811987
94821987
94831987
94841987
94851987
94861987
94871987
94881987
94891987
94901987
94911987
94921987
94931987
94941987
94951987
94961987
94971987
94981987
94991987
95001987
95011987
95021987
95031987
95041987
95051987
95061987
95071987
95081987
95091987
95101987
95111987
95121987
95131987
95141987
95151987
95161987
95171987
95181987
95191987
95201987
95211987
95221987
95231987
95241987
95251987
95261987
95271987
95281987
95291987
95301987
95311987
95321987
95331987
95341987
95351987
95361987
95371987
95381987
95391987
95401987
95411987
95421987
95431987
95441987
95451987
95461987
95471987
95481987
95491987
95501987
95511987
95521987
95531987
95541987
95551987
95561987
95571987
95581987
95591987
95601987
95611987
95621987
95631987
95641987
95651987
95661987
95671987
95681987
95691987
95701987
95711987
95721987
95731987
95741987
95751987
95761987
95771987
95781987
95791987
95801987
95811987
95821987
95831987
95841987
95851987
95861987
95871987
95881987
95891987
95901987
95911987
95921987
95931987
95941987
95951987
95961987
95971987
95981987
95991987
96001987
96011987
96021987
96031987
96041987
96051987
96061987
96071987
96081987
96091987
96101987
96111987
96121987
96131987
96141987
96151987
96161987
96171987
96181987
96191987
96201987
96211987
96221987
96231987
96241987
96251987
96261987
96271987
96281987
96291987
96301987
96311987
96321987
96331987
96341987
96351987
96361987
96371987
96381987
96391987
96401987
96411987
96421987
96431987
96441987
96451987
96461987
96471987
96481987
96491987
96501987
96511987
96521987
96531987
96541987
96551987
96561987
96571987
96581987
96591987
96601987
96611987
96621987
96631987
96641987
96651987
96661987
96671987
96681987
96691987
96701987
96711987
96721987
96731987
96741987
96751987
96761987
96771987
96781987
96791987
96801987
96811987
96821987
96831987
96841987
96851987
96861987
96871987
96881987
96891987
96901987
96911987
96921987
96931987
96941987
96951987
96961987
96971987
96981987
96991987
97001987
97011987
97021987
97031987
97041987
97051987
97061987
97071987
97081987
97091987
97101987
97111987
97121987
97131987
97141987
97151987
97161987
97171987
97181987
97191987
97201987
97211987
97221987
97231987
97241987
97251987
97261987
97271987
97281987
97291987
97301987
97311987
97321987
97331987
97341987
97351987
97361987
97371987
97381987
97391987
97401987
97411987
97421987
97431987
97441987
97451987
97461987
97471987
97481987
97491987
97501987
97511987
97521987
97531987
97541987
97551987
97561987
97571987
97581987
97591987
97601987
97611987
97621987
97631987
97641987
97651987
97661987
97671987
97681987
97691987
97701987
97711987
97721987
97731987
97741987
97751987
97761987
97771987
97781987
97791987
97801987
97811987
97821987
97831987
97841987
97851987
97861987
97871987
97881987
97891987
97901987
97911987
97921987
97931987
97941987
97951987
97961987
97971987
97981987
97991987
98001987
98011987
98021987
98031987
98041987
98051987
98061987
98071987
98081987
98091987
98101987
98111987
98121987
98131987
98141987
98151987
98161987
98171987
98181987
98191987
98201987
98211987
98221987
98231987
98241987
98251987
98261987
98271987
98281987
98291987
98301987
98311987
98321987
98331987
98341987
98351987
98361987
98371987
98381987
98391987
98401987
98411987
98421987
98431987
98441987
98451987
98461987
98471987
98481987
98491987
98501987
98511987
98521987
98531987
98541987
98551987
98561987
98571987
98581987
98591987
98601987
98611987
98621987
98631987
98641987
98651987
98661987
98671987
98681987
98691987
98701987
98711987
98721987
98731987
98741987
98751987
98761987
98771987
98781987
98791987
98801987
98811987
98821987
98831987
98841987
98851987
98861987
98871987
98881987
98891987
98901987
98911987
98921987
98931987
98941987
98951987
98961987
98971987
98981987
98991987
99001987
99011987
99021987
99031987
99041987
99051987
99061987
99071987
99081987
99091987
99101987
99111987
99121987
99131987
99141987
99151987
99161987
99171987
99181987
99191987
99201987
99211987
99221987
99231987
99241987
99251987
99261987
99271987
99281987
99291987
99301987
99311987
99321987
99331987
99341987
99351987
99361987
99371987
99381987
99391987
99401987
99411987
99421987
99431987
99441987
99451987
99461987
99471987
99481987
99491987
99501987
99511987
99521987
99531987
99541987
99551987
99561987
99571987
99581987
99591987
99601987
99611987
99621987
99631987
99641987
99651987
99661987
99671987
99681987
99691987
99701987
99711987
99721987
99731987
99741987
99751987
99761987
99771987
99781987
99791987
99801987
99811987
99821987
99831987
99841987
99851987
99861987
99871987
99881987
99891987
99901987
99911987
99921987
99931987
99941987
99951987
99961987
99971987
99981987
99991987
