00001984
00011984
00021984
00031984
00041984
00051984
00061984
00071984
00081984
00091984
00101984
00111984
00121984
00131984
00141984
00151984
00161984
00171984
00181984
00191984
00201984
00211984
00221984
00231984
00241984
00251984
00261984
00271984
00281984
00291984
00301984
00311984
00321984
00331984
00341984
00351984
00361984
00371984
00381984
00391984
00401984
00411984
00421984
00431984
00441984
00451984
00461984
00471984
00481984
00491984
00501984
00511984
00521984
00531984
00541984
00551984
00561984
00571984
00581984
00591984
00601984
00611984
00621984
00631984
00641984
00651984
00661984
00671984
00681984
00691984
00701984
00711984
00721984
00731984
00741984
00751984
00761984
00771984
00781984
00791984
00801984
00811984
00821984
00831984
00841984
00851984
00861984
00871984
00881984
00891984
00901984
00911984
00921984
00931984
00941984
00951984
00961984
00971984
00981984
00991984
01001984
01011984
01021984
01031984
01041984
01051984
01061984
01071984
01081984
01091984
01101984
01111984
01121984
01131984
01141984
01151984
01161984
01171984
01181984
01191984
01201984
01211984
01221984
01231984
01241984
01251984
01261984
01271984
01281984
01291984
01301984
01311984
01321984
01331984
01341984
01351984
01361984
01371984
01381984
01391984
01401984
01411984
01421984
01431984
01441984
01451984
01461984
01471984
01481984
01491984
01501984
01511984
01521984
01531984
01541984
01551984
01561984
01571984
01581984
01591984
01601984
01611984
01621984
01631984
01641984
01651984
01661984
01671984
01681984
01691984
01701984
01711984
01721984
01731984
01741984
01751984
01761984
01771984
01781984
01791984
01801984
01811984
01821984
01831984
01841984
01851984
01861984
01871984
01881984
01891984
01901984
01911984
01921984
01931984
01941984
01951984
01961984
01971984
01981984
01991984
02001984
02011984
02021984
02031984
02041984
02051984
02061984
02071984
02081984
02091984
02101984
02111984
02121984
02131984
02141984
02151984
02161984
02171984
02181984
02191984
02201984
02211984
02221984
02231984
02241984
02251984
02261984
02271984
02281984
02291984
02301984
02311984
02321984
02331984
02341984
02351984
02361984
02371984
02381984
02391984
02401984
02411984
02421984
02431984
02441984
02451984
02461984
02471984
02481984
02491984
02501984
02511984
02521984
02531984
02541984
02551984
02561984
02571984
02581984
02591984
02601984
02611984
02621984
02631984
02641984
02651984
02661984
02671984
02681984
02691984
02701984
02711984
02721984
02731984
02741984
02751984
02761984
02771984
02781984
02791984
02801984
02811984
02821984
02831984
02841984
02851984
02861984
02871984
02881984
02891984
02901984
02911984
02921984
02931984
02941984
02951984
02961984
02971984
02981984
02991984
03001984
03011984
03021984
03031984
03041984
03051984
03061984
03071984
03081984
03091984
03101984
03111984
03121984
03131984
03141984
03151984
03161984
03171984
03181984
03191984
03201984
03211984
03221984
03231984
03241984
03251984
03261984
03271984
03281984
03291984
03301984
03311984
03321984
03331984
03341984
03351984
03361984
03371984
03381984
03391984
03401984
03411984
03421984
03431984
03441984
03451984
03461984
03471984
03481984
03491984
03501984
03511984
03521984
03531984
03541984
03551984
03561984
03571984
03581984
03591984
03601984
03611984
03621984
03631984
03641984
03651984
03661984
03671984
03681984
03691984
03701984
03711984
03721984
03731984
03741984
03751984
03761984
03771984
03781984
03791984
03801984
03811984
03821984
03831984
03841984
03851984
03861984
03871984
03881984
03891984
03901984
03911984
03921984
03931984
03941984
03951984
03961984
03971984
03981984
03991984
04001984
04011984
04021984
04031984
04041984
04051984
04061984
04071984
04081984
04091984
04101984
04111984
04121984
04131984
04141984
04151984
04161984
04171984
04181984
04191984
04201984
04211984
04221984
04231984
04241984
04251984
04261984
04271984
04281984
04291984
04301984
04311984
04321984
04331984
04341984
04351984
04361984
04371984
04381984
04391984
04401984
04411984
04421984
04431984
04441984
04451984
04461984
04471984
04481984
04491984
04501984
04511984
04521984
04531984
04541984
04551984
04561984
04571984
04581984
04591984
04601984
04611984
04621984
04631984
04641984
04651984
04661984
04671984
04681984
04691984
04701984
04711984
04721984
04731984
04741984
04751984
04761984
04771984
04781984
04791984
04801984
04811984
04821984
04831984
04841984
04851984
04861984
04871984
04881984
04891984
04901984
04911984
04921984
04931984
04941984
04951984
04961984
04971984
04981984
04991984
05001984
05011984
05021984
05031984
05041984
05051984
05061984
05071984
05081984
05091984
05101984
05111984
05121984
05131984
05141984
05151984
05161984
05171984
05181984
05191984
05201984
05211984
05221984
05231984
05241984
05251984
05261984
05271984
05281984
05291984
05301984
05311984
05321984
05331984
05341984
05351984
05361984
05371984
05381984
05391984
05401984
05411984
05421984
05431984
05441984
05451984
05461984
05471984
05481984
05491984
05501984
05511984
05521984
05531984
05541984
05551984
05561984
05571984
05581984
05591984
05601984
05611984
05621984
05631984
05641984
05651984
05661984
05671984
05681984
05691984
05701984
05711984
05721984
05731984
05741984
05751984
05761984
05771984
05781984
05791984
05801984
05811984
05821984
05831984
05841984
05851984
05861984
05871984
05881984
05891984
05901984
05911984
05921984
05931984
05941984
05951984
05961984
05971984
05981984
05991984
06001984
06011984
06021984
06031984
06041984
06051984
06061984
06071984
06081984
06091984
06101984
06111984
06121984
06131984
06141984
06151984
06161984
06171984
06181984
06191984
06201984
06211984
06221984
06231984
06241984
06251984
06261984
06271984
06281984
06291984
06301984
06311984
06321984
06331984
06341984
06351984
06361984
06371984
06381984
06391984
06401984
06411984
06421984
06431984
06441984
06451984
06461984
06471984
06481984
06491984
06501984
06511984
06521984
06531984
06541984
06551984
06561984
06571984
06581984
06591984
06601984
06611984
06621984
06631984
06641984
06651984
06661984
06671984
06681984
06691984
06701984
06711984
06721984
06731984
06741984
06751984
06761984
06771984
06781984
06791984
06801984
06811984
06821984
06831984
06841984
06851984
06861984
06871984
06881984
06891984
06901984
06911984
06921984
06931984
06941984
06951984
06961984
06971984
06981984
06991984
07001984
07011984
07021984
07031984
07041984
07051984
07061984
07071984
07081984
07091984
07101984
07111984
07121984
07131984
07141984
07151984
07161984
07171984
07181984
07191984
07201984
07211984
07221984
07231984
07241984
07251984
07261984
07271984
07281984
07291984
07301984
07311984
07321984
07331984
07341984
07351984
07361984
07371984
07381984
07391984
07401984
07411984
07421984
07431984
07441984
07451984
07461984
07471984
07481984
07491984
07501984
07511984
07521984
07531984
07541984
07551984
07561984
07571984
07581984
07591984
07601984
07611984
07621984
07631984
07641984
07651984
07661984
07671984
07681984
07691984
07701984
07711984
07721984
07731984
07741984
07751984
07761984
07771984
07781984
07791984
07801984
07811984
07821984
07831984
07841984
07851984
07861984
07871984
07881984
07891984
07901984
07911984
07921984
07931984
07941984
07951984
07961984
07971984
07981984
07991984
08001984
08011984
08021984
08031984
08041984
08051984
08061984
08071984
08081984
08091984
08101984
08111984
08121984
08131984
08141984
08151984
08161984
08171984
08181984
08191984
08201984
08211984
08221984
08231984
08241984
08251984
08261984
08271984
08281984
08291984
08301984
08311984
08321984
08331984
08341984
08351984
08361984
08371984
08381984
08391984
08401984
08411984
08421984
08431984
08441984
08451984
08461984
08471984
08481984
08491984
08501984
08511984
08521984
08531984
08541984
08551984
08561984
08571984
08581984
08591984
08601984
08611984
08621984
08631984
08641984
08651984
08661984
08671984
08681984
08691984
08701984
08711984
08721984
08731984
08741984
08751984
08761984
08771984
08781984
08791984
08801984
08811984
08821984
08831984
08841984
08851984
08861984
08871984
08881984
08891984
08901984
08911984
08921984
08931984
08941984
08951984
08961984
08971984
08981984
08991984
09001984
09011984
09021984
09031984
09041984
09051984
09061984
09071984
09081984
09091984
09101984
09111984
09121984
09131984
09141984
09151984
09161984
09171984
09181984
09191984
09201984
09211984
09221984
09231984
09241984
09251984
09261984
09271984
09281984
09291984
09301984
09311984
09321984
09331984
09341984
09351984
09361984
09371984
09381984
09391984
09401984
09411984
09421984
09431984
09441984
09451984
09461984
09471984
09481984
09491984
09501984
09511984
09521984
09531984
09541984
09551984
09561984
09571984
09581984
09591984
09601984
09611984
09621984
09631984
09641984
09651984
09661984
09671984
09681984
09691984
09701984
09711984
09721984
09731984
09741984
09751984
09761984
09771984
09781984
09791984
09801984
09811984
09821984
09831984
09841984
09851984
09861984
09871984
09881984
09891984
09901984
09911984
09921984
09931984
09941984
09951984
09961984
09971984
09981984
09991984
10001984
10011984
10021984
10031984
10041984
10051984
10061984
10071984
10081984
10091984
10101984
10111984
10121984
10131984
10141984
10151984
10161984
10171984
10181984
10191984
10201984
10211984
10221984
10231984
10241984
10251984
10261984
10271984
10281984
10291984
10301984
10311984
10321984
10331984
10341984
10351984
10361984
10371984
10381984
10391984
10401984
10411984
10421984
10431984
10441984
10451984
10461984
10471984
10481984
10491984
10501984
10511984
10521984
10531984
10541984
10551984
10561984
10571984
10581984
10591984
10601984
10611984
10621984
10631984
10641984
10651984
10661984
10671984
10681984
10691984
10701984
10711984
10721984
10731984
10741984
10751984
10761984
10771984
10781984
10791984
10801984
10811984
10821984
10831984
10841984
10851984
10861984
10871984
10881984
10891984
10901984
10911984
10921984
10931984
10941984
10951984
10961984
10971984
10981984
10991984
11001984
11011984
11021984
11031984
11041984
11051984
11061984
11071984
11081984
11091984
11101984
11111984
11121984
11131984
11141984
11151984
11161984
11171984
11181984
11191984
11201984
11211984
11221984
11231984
11241984
11251984
11261984
11271984
11281984
11291984
11301984
11311984
11321984
11331984
11341984
11351984
11361984
11371984
11381984
11391984
11401984
11411984
11421984
11431984
11441984
11451984
11461984
11471984
11481984
11491984
11501984
11511984
11521984
11531984
11541984
11551984
11561984
11571984
11581984
11591984
11601984
11611984
11621984
11631984
11641984
11651984
11661984
11671984
11681984
11691984
11701984
11711984
11721984
11731984
11741984
11751984
11761984
11771984
11781984
11791984
11801984
11811984
11821984
11831984
11841984
11851984
11861984
11871984
11881984
11891984
11901984
11911984
11921984
11931984
11941984
11951984
11961984
11971984
11981984
11991984
12001984
12011984
12021984
12031984
12041984
12051984
12061984
12071984
12081984
12091984
12101984
12111984
12121984
12131984
12141984
12151984
12161984
12171984
12181984
12191984
12201984
12211984
12221984
12231984
12241984
12251984
12261984
12271984
12281984
12291984
12301984
12311984
12321984
12331984
12341984
12351984
12361984
12371984
12381984
12391984
12401984
12411984
12421984
12431984
12441984
12451984
12461984
12471984
12481984
12491984
12501984
12511984
12521984
12531984
12541984
12551984
12561984
12571984
12581984
12591984
12601984
12611984
12621984
12631984
12641984
12651984
12661984
12671984
12681984
12691984
12701984
12711984
12721984
12731984
12741984
12751984
12761984
12771984
12781984
12791984
12801984
12811984
12821984
12831984
12841984
12851984
12861984
12871984
12881984
12891984
12901984
12911984
12921984
12931984
12941984
12951984
12961984
12971984
12981984
12991984
13001984
13011984
13021984
13031984
13041984
13051984
13061984
13071984
13081984
13091984
13101984
13111984
13121984
13131984
13141984
13151984
13161984
13171984
13181984
13191984
13201984
13211984
13221984
13231984
13241984
13251984
13261984
13271984
13281984
13291984
13301984
13311984
13321984
13331984
13341984
13351984
13361984
13371984
13381984
13391984
13401984
13411984
13421984
13431984
13441984
13451984
13461984
13471984
13481984
13491984
13501984
13511984
13521984
13531984
13541984
13551984
13561984
13571984
13581984
13591984
13601984
13611984
13621984
13631984
13641984
13651984
13661984
13671984
13681984
13691984
13701984
13711984
13721984
13731984
13741984
13751984
13761984
13771984
13781984
13791984
13801984
13811984
13821984
13831984
13841984
13851984
13861984
13871984
13881984
13891984
13901984
13911984
13921984
13931984
13941984
13951984
13961984
13971984
13981984
13991984
14001984
14011984
14021984
14031984
14041984
14051984
14061984
14071984
14081984
14091984
14101984
14111984
14121984
14131984
14141984
14151984
14161984
14171984
14181984
14191984
14201984
14211984
14221984
14231984
14241984
14251984
14261984
14271984
14281984
14291984
14301984
14311984
14321984
14331984
14341984
14351984
14361984
14371984
14381984
14391984
14401984
14411984
14421984
14431984
14441984
14451984
14461984
14471984
14481984
14491984
14501984
14511984
14521984
14531984
14541984
14551984
14561984
14571984
14581984
14591984
14601984
14611984
14621984
14631984
14641984
14651984
14661984
14671984
14681984
14691984
14701984
14711984
14721984
14731984
14741984
14751984
14761984
14771984
14781984
14791984
14801984
14811984
14821984
14831984
14841984
14851984
14861984
14871984
14881984
14891984
14901984
14911984
14921984
14931984
14941984
14951984
14961984
14971984
14981984
14991984
15001984
15011984
15021984
15031984
15041984
15051984
15061984
15071984
15081984
15091984
15101984
15111984
15121984
15131984
15141984
15151984
15161984
15171984
15181984
15191984
15201984
15211984
15221984
15231984
15241984
15251984
15261984
15271984
15281984
15291984
15301984
15311984
15321984
15331984
15341984
15351984
15361984
15371984
15381984
15391984
15401984
15411984
15421984
15431984
15441984
15451984
15461984
15471984
15481984
15491984
15501984
15511984
15521984
15531984
15541984
15551984
15561984
15571984
15581984
15591984
15601984
15611984
15621984
15631984
15641984
15651984
15661984
15671984
15681984
15691984
15701984
15711984
15721984
15731984
15741984
15751984
15761984
15771984
15781984
15791984
15801984
15811984
15821984
15831984
15841984
15851984
15861984
15871984
15881984
15891984
15901984
15911984
15921984
15931984
15941984
15951984
15961984
15971984
15981984
15991984
16001984
16011984
16021984
16031984
16041984
16051984
16061984
16071984
16081984
16091984
16101984
16111984
16121984
16131984
16141984
16151984
16161984
16171984
16181984
16191984
16201984
16211984
16221984
16231984
16241984
16251984
16261984
16271984
16281984
16291984
16301984
16311984
16321984
16331984
16341984
16351984
16361984
16371984
16381984
16391984
16401984
16411984
16421984
16431984
16441984
16451984
16461984
16471984
16481984
16491984
16501984
16511984
16521984
16531984
16541984
16551984
16561984
16571984
16581984
16591984
16601984
16611984
16621984
16631984
16641984
16651984
16661984
16671984
16681984
16691984
16701984
16711984
16721984
16731984
16741984
16751984
16761984
16771984
16781984
16791984
16801984
16811984
16821984
16831984
16841984
16851984
16861984
16871984
16881984
16891984
16901984
16911984
16921984
16931984
16941984
16951984
16961984
16971984
16981984
16991984
17001984
17011984
17021984
17031984
17041984
17051984
17061984
17071984
17081984
17091984
17101984
17111984
17121984
17131984
17141984
17151984
17161984
17171984
17181984
17191984
17201984
17211984
17221984
17231984
17241984
17251984
17261984
17271984
17281984
17291984
17301984
17311984
17321984
17331984
17341984
17351984
17361984
17371984
17381984
17391984
17401984
17411984
17421984
17431984
17441984
17451984
17461984
17471984
17481984
17491984
17501984
17511984
17521984
17531984
17541984
17551984
17561984
17571984
17581984
17591984
17601984
17611984
17621984
17631984
17641984
17651984
17661984
17671984
17681984
17691984
17701984
17711984
17721984
17731984
17741984
17751984
17761984
17771984
17781984
17791984
17801984
17811984
17821984
17831984
17841984
17851984
17861984
17871984
17881984
17891984
17901984
17911984
17921984
17931984
17941984
17951984
17961984
17971984
17981984
17991984
18001984
18011984
18021984
18031984
18041984
18051984
18061984
18071984
18081984
18091984
18101984
18111984
18121984
18131984
18141984
18151984
18161984
18171984
18181984
18191984
18201984
18211984
18221984
18231984
18241984
18251984
18261984
18271984
18281984
18291984
18301984
18311984
18321984
18331984
18341984
18351984
18361984
18371984
18381984
18391984
18401984
18411984
18421984
18431984
18441984
18451984
18461984
18471984
18481984
18491984
18501984
18511984
18521984
18531984
18541984
18551984
18561984
18571984
18581984
18591984
18601984
18611984
18621984
18631984
18641984
18651984
18661984
18671984
18681984
18691984
18701984
18711984
18721984
18731984
18741984
18751984
18761984
18771984
18781984
18791984
18801984
18811984
18821984
18831984
18841984
18851984
18861984
18871984
18881984
18891984
18901984
18911984
18921984
18931984
18941984
18951984
18961984
18971984
18981984
18991984
19001984
19011984
19021984
19031984
19041984
19051984
19061984
19071984
19081984
19091984
19101984
19111984
19121984
19131984
19141984
19151984
19161984
19171984
19181984
19191984
19201984
19211984
19221984
19231984
19241984
19251984
19261984
19271984
19281984
19291984
19301984
19311984
19321984
19331984
19341984
19351984
19361984
19371984
19381984
19391984
19401984
19411984
19421984
19431984
19441984
19451984
19461984
19471984
19481984
19491984
19501984
19511984
19521984
19531984
19541984
19551984
19561984
19571984
19581984
19591984
19601984
19611984
19621984
19631984
19641984
19651984
19661984
19671984
19681984
19691984
19701984
19711984
19721984
19731984
19741984
19751984
19761984
19771984
19781984
19791984
19801984
19811984
19821984
19831984
19841984
19851984
19861984
19871984
19881984
19891984
19901984
19911984
19921984
19931984
19941984
19951984
19961984
19971984
19981984
19991984
20001984
20011984
20021984
20031984
20041984
20051984
20061984
20071984
20081984
20091984
20101984
20111984
20121984
20131984
20141984
20151984
20161984
20171984
20181984
20191984
20201984
20211984
20221984
20231984
20241984
20251984
20261984
20271984
20281984
20291984
20301984
20311984
20321984
20331984
20341984
20351984
20361984
20371984
20381984
20391984
20401984
20411984
20421984
20431984
20441984
20451984
20461984
20471984
20481984
20491984
20501984
20511984
20521984
20531984
20541984
20551984
20561984
20571984
20581984
20591984
20601984
20611984
20621984
20631984
20641984
20651984
20661984
20671984
20681984
20691984
20701984
20711984
20721984
20731984
20741984
20751984
20761984
20771984
20781984
20791984
20801984
20811984
20821984
20831984
20841984
20851984
20861984
20871984
20881984
20891984
20901984
20911984
20921984
20931984
20941984
20951984
20961984
20971984
20981984
20991984
21001984
21011984
21021984
21031984
21041984
21051984
21061984
21071984
21081984
21091984
21101984
21111984
21121984
21131984
21141984
21151984
21161984
21171984
21181984
21191984
21201984
21211984
21221984
21231984
21241984
21251984
21261984
21271984
21281984
21291984
21301984
21311984
21321984
21331984
21341984
21351984
21361984
21371984
21381984
21391984
21401984
21411984
21421984
21431984
21441984
21451984
21461984
21471984
21481984
21491984
21501984
21511984
21521984
21531984
21541984
21551984
21561984
21571984
21581984
21591984
21601984
21611984
21621984
21631984
21641984
21651984
21661984
21671984
21681984
21691984
21701984
21711984
21721984
21731984
21741984
21751984
21761984
21771984
21781984
21791984
21801984
21811984
21821984
21831984
21841984
21851984
21861984
21871984
21881984
21891984
21901984
21911984
21921984
21931984
21941984
21951984
21961984
21971984
21981984
21991984
22001984
22011984
22021984
22031984
22041984
22051984
22061984
22071984
22081984
22091984
22101984
22111984
22121984
22131984
22141984
22151984
22161984
22171984
22181984
22191984
22201984
22211984
22221984
22231984
22241984
22251984
22261984
22271984
22281984
22291984
22301984
22311984
22321984
22331984
22341984
22351984
22361984
22371984
22381984
22391984
22401984
22411984
22421984
22431984
22441984
22451984
22461984
22471984
22481984
22491984
22501984
22511984
22521984
22531984
22541984
22551984
22561984
22571984
22581984
22591984
22601984
22611984
22621984
22631984
22641984
22651984
22661984
22671984
22681984
22691984
22701984
22711984
22721984
22731984
22741984
22751984
22761984
22771984
22781984
22791984
22801984
22811984
22821984
22831984
22841984
22851984
22861984
22871984
22881984
22891984
22901984
22911984
22921984
22931984
22941984
22951984
22961984
22971984
22981984
22991984
23001984
23011984
23021984
23031984
23041984
23051984
23061984
23071984
23081984
23091984
23101984
23111984
23121984
23131984
23141984
23151984
23161984
23171984
23181984
23191984
23201984
23211984
23221984
23231984
23241984
23251984
23261984
23271984
23281984
23291984
23301984
23311984
23321984
23331984
23341984
23351984
23361984
23371984
23381984
23391984
23401984
23411984
23421984
23431984
23441984
23451984
23461984
23471984
23481984
23491984
23501984
23511984
23521984
23531984
23541984
23551984
23561984
23571984
23581984
23591984
23601984
23611984
23621984
23631984
23641984
23651984
23661984
23671984
23681984
23691984
23701984
23711984
23721984
23731984
23741984
23751984
23761984
23771984
23781984
23791984
23801984
23811984
23821984
23831984
23841984
23851984
23861984
23871984
23881984
23891984
23901984
23911984
23921984
23931984
23941984
23951984
23961984
23971984
23981984
23991984
24001984
24011984
24021984
24031984
24041984
24051984
24061984
24071984
24081984
24091984
24101984
24111984
24121984
24131984
24141984
24151984
24161984
24171984
24181984
24191984
24201984
24211984
24221984
24231984
24241984
24251984
24261984
24271984
24281984
24291984
24301984
24311984
24321984
24331984
24341984
24351984
24361984
24371984
24381984
24391984
24401984
24411984
24421984
24431984
24441984
24451984
24461984
24471984
24481984
24491984
24501984
24511984
24521984
24531984
24541984
24551984
24561984
24571984
24581984
24591984
24601984
24611984
24621984
24631984
24641984
24651984
24661984
24671984
24681984
24691984
24701984
24711984
24721984
24731984
24741984
24751984
24761984
24771984
24781984
24791984
24801984
24811984
24821984
24831984
24841984
24851984
24861984
24871984
24881984
24891984
24901984
24911984
24921984
24931984
24941984
24951984
24961984
24971984
24981984
24991984
25001984
25011984
25021984
25031984
25041984
25051984
25061984
25071984
25081984
25091984
25101984
25111984
25121984
25131984
25141984
25151984
25161984
25171984
25181984
25191984
25201984
25211984
25221984
25231984
25241984
25251984
25261984
25271984
25281984
25291984
25301984
25311984
25321984
25331984
25341984
25351984
25361984
25371984
25381984
25391984
25401984
25411984
25421984
25431984
25441984
25451984
25461984
25471984
25481984
25491984
25501984
25511984
25521984
25531984
25541984
25551984
25561984
25571984
25581984
25591984
25601984
25611984
25621984
25631984
25641984
25651984
25661984
25671984
25681984
25691984
25701984
25711984
25721984
25731984
25741984
25751984
25761984
25771984
25781984
25791984
25801984
25811984
25821984
25831984
25841984
25851984
25861984
25871984
25881984
25891984
25901984
25911984
25921984
25931984
25941984
25951984
25961984
25971984
25981984
25991984
26001984
26011984
26021984
26031984
26041984
26051984
26061984
26071984
26081984
26091984
26101984
26111984
26121984
26131984
26141984
26151984
26161984
26171984
26181984
26191984
26201984
26211984
26221984
26231984
26241984
26251984
26261984
26271984
26281984
26291984
26301984
26311984
26321984
26331984
26341984
26351984
26361984
26371984
26381984
26391984
26401984
26411984
26421984
26431984
26441984
26451984
26461984
26471984
26481984
26491984
26501984
26511984
26521984
26531984
26541984
26551984
26561984
26571984
26581984
26591984
26601984
26611984
26621984
26631984
26641984
26651984
26661984
26671984
26681984
26691984
26701984
26711984
26721984
26731984
26741984
26751984
26761984
26771984
26781984
26791984
26801984
26811984
26821984
26831984
26841984
26851984
26861984
26871984
26881984
26891984
26901984
26911984
26921984
26931984
26941984
26951984
26961984
26971984
26981984
26991984
27001984
27011984
27021984
27031984
27041984
27051984
27061984
27071984
27081984
27091984
27101984
27111984
27121984
27131984
27141984
27151984
27161984
27171984
27181984
27191984
27201984
27211984
27221984
27231984
27241984
27251984
27261984
27271984
27281984
27291984
27301984
27311984
27321984
27331984
27341984
27351984
27361984
27371984
27381984
27391984
27401984
27411984
27421984
27431984
27441984
27451984
27461984
27471984
27481984
27491984
27501984
27511984
27521984
27531984
27541984
27551984
27561984
27571984
27581984
27591984
27601984
27611984
27621984
27631984
27641984
27651984
27661984
27671984
27681984
27691984
27701984
27711984
27721984
27731984
27741984
27751984
27761984
27771984
27781984
27791984
27801984
27811984
27821984
27831984
27841984
27851984
27861984
27871984
27881984
27891984
27901984
27911984
27921984
27931984
27941984
27951984
27961984
27971984
27981984
27991984
28001984
28011984
28021984
28031984
28041984
28051984
28061984
28071984
28081984
28091984
28101984
28111984
28121984
28131984
28141984
28151984
28161984
28171984
28181984
28191984
28201984
28211984
28221984
28231984
28241984
28251984
28261984
28271984
28281984
28291984
28301984
28311984
28321984
28331984
28341984
28351984
28361984
28371984
28381984
28391984
28401984
28411984
28421984
28431984
28441984
28451984
28461984
28471984
28481984
28491984
28501984
28511984
28521984
28531984
28541984
28551984
28561984
28571984
28581984
28591984
28601984
28611984
28621984
28631984
28641984
28651984
28661984
28671984
28681984
28691984
28701984
28711984
28721984
28731984
28741984
28751984
28761984
28771984
28781984
28791984
28801984
28811984
28821984
28831984
28841984
28851984
28861984
28871984
28881984
28891984
28901984
28911984
28921984
28931984
28941984
28951984
28961984
28971984
28981984
28991984
29001984
29011984
29021984
29031984
29041984
29051984
29061984
29071984
29081984
29091984
29101984
29111984
29121984
29131984
29141984
29151984
29161984
29171984
29181984
29191984
29201984
29211984
29221984
29231984
29241984
29251984
29261984
29271984
29281984
29291984
29301984
29311984
29321984
29331984
29341984
29351984
29361984
29371984
29381984
29391984
29401984
29411984
29421984
29431984
29441984
29451984
29461984
29471984
29481984
29491984
29501984
29511984
29521984
29531984
29541984
29551984
29561984
29571984
29581984
29591984
29601984
29611984
29621984
29631984
29641984
29651984
29661984
29671984
29681984
29691984
29701984
29711984
29721984
29731984
29741984
29751984
29761984
29771984
29781984
29791984
29801984
29811984
29821984
29831984
29841984
29851984
29861984
29871984
29881984
29891984
29901984
29911984
29921984
29931984
29941984
29951984
29961984
29971984
29981984
29991984
30001984
30011984
30021984
30031984
30041984
30051984
30061984
30071984
30081984
30091984
30101984
30111984
30121984
30131984
30141984
30151984
30161984
30171984
30181984
30191984
30201984
30211984
30221984
30231984
30241984
30251984
30261984
30271984
30281984
30291984
30301984
30311984
30321984
30331984
30341984
30351984
30361984
30371984
30381984
30391984
30401984
30411984
30421984
30431984
30441984
30451984
30461984
30471984
30481984
30491984
30501984
30511984
30521984
30531984
30541984
30551984
30561984
30571984
30581984
30591984
30601984
30611984
30621984
30631984
30641984
30651984
30661984
30671984
30681984
30691984
30701984
30711984
30721984
30731984
30741984
30751984
30761984
30771984
30781984
30791984
30801984
30811984
30821984
30831984
30841984
30851984
30861984
30871984
30881984
30891984
30901984
30911984
30921984
30931984
30941984
30951984
30961984
30971984
30981984
30991984
31001984
31011984
31021984
31031984
31041984
31051984
31061984
31071984
31081984
31091984
31101984
31111984
31121984
31131984
31141984
31151984
31161984
31171984
31181984
31191984
31201984
31211984
31221984
31231984
31241984
31251984
31261984
31271984
31281984
31291984
31301984
31311984
31321984
31331984
31341984
31351984
31361984
31371984
31381984
31391984
31401984
31411984
31421984
31431984
31441984
31451984
31461984
31471984
31481984
31491984
31501984
31511984
31521984
31531984
31541984
31551984
31561984
31571984
31581984
31591984
31601984
31611984
31621984
31631984
31641984
31651984
31661984
31671984
31681984
31691984
31701984
31711984
31721984
31731984
31741984
31751984
31761984
31771984
31781984
31791984
31801984
31811984
31821984
31831984
31841984
31851984
31861984
31871984
31881984
31891984
31901984
31911984
31921984
31931984
31941984
31951984
31961984
31971984
31981984
31991984
32001984
32011984
32021984
32031984
32041984
32051984
32061984
32071984
32081984
32091984
32101984
32111984
32121984
32131984
32141984
32151984
32161984
32171984
32181984
32191984
32201984
32211984
32221984
32231984
32241984
32251984
32261984
32271984
32281984
32291984
32301984
32311984
32321984
32331984
32341984
32351984
32361984
32371984
32381984
32391984
32401984
32411984
32421984
32431984
32441984
32451984
32461984
32471984
32481984
32491984
32501984
32511984
32521984
32531984
32541984
32551984
32561984
32571984
32581984
32591984
32601984
32611984
32621984
32631984
32641984
32651984
32661984
32671984
32681984
32691984
32701984
32711984
32721984
32731984
32741984
32751984
32761984
32771984
32781984
32791984
32801984
32811984
32821984
32831984
32841984
32851984
32861984
32871984
32881984
32891984
32901984
32911984
32921984
32931984
32941984
32951984
32961984
32971984
32981984
32991984
33001984
33011984
33021984
33031984
33041984
33051984
33061984
33071984
33081984
33091984
33101984
33111984
33121984
33131984
33141984
33151984
33161984
33171984
33181984
33191984
33201984
33211984
33221984
33231984
33241984
33251984
33261984
33271984
33281984
33291984
33301984
33311984
33321984
33331984
33341984
33351984
33361984
33371984
33381984
33391984
33401984
33411984
33421984
33431984
33441984
33451984
33461984
33471984
33481984
33491984
33501984
33511984
33521984
33531984
33541984
33551984
33561984
33571984
33581984
33591984
33601984
33611984
33621984
33631984
33641984
33651984
33661984
33671984
33681984
33691984
33701984
33711984
33721984
33731984
33741984
33751984
33761984
33771984
33781984
33791984
33801984
33811984
33821984
33831984
33841984
33851984
33861984
33871984
33881984
33891984
33901984
33911984
33921984
33931984
33941984
33951984
33961984
33971984
33981984
33991984
34001984
34011984
34021984
34031984
34041984
34051984
34061984
34071984
34081984
34091984
34101984
34111984
34121984
34131984
34141984
34151984
34161984
34171984
34181984
34191984
34201984
34211984
34221984
34231984
34241984
34251984
34261984
34271984
34281984
34291984
34301984
34311984
34321984
34331984
34341984
34351984
34361984
34371984
34381984
34391984
34401984
34411984
34421984
34431984
34441984
34451984
34461984
34471984
34481984
34491984
34501984
34511984
34521984
34531984
34541984
34551984
34561984
34571984
34581984
34591984
34601984
34611984
34621984
34631984
34641984
34651984
34661984
34671984
34681984
34691984
34701984
34711984
34721984
34731984
34741984
34751984
34761984
34771984
34781984
34791984
34801984
34811984
34821984
34831984
34841984
34851984
34861984
34871984
34881984
34891984
34901984
34911984
34921984
34931984
34941984
34951984
34961984
34971984
34981984
34991984
35001984
35011984
35021984
35031984
35041984
35051984
35061984
35071984
35081984
35091984
35101984
35111984
35121984
35131984
35141984
35151984
35161984
35171984
35181984
35191984
35201984
35211984
35221984
35231984
35241984
35251984
35261984
35271984
35281984
35291984
35301984
35311984
35321984
35331984
35341984
35351984
35361984
35371984
35381984
35391984
35401984
35411984
35421984
35431984
35441984
35451984
35461984
35471984
35481984
35491984
35501984
35511984
35521984
35531984
35541984
35551984
35561984
35571984
35581984
35591984
35601984
35611984
35621984
35631984
35641984
35651984
35661984
35671984
35681984
35691984
35701984
35711984
35721984
35731984
35741984
35751984
35761984
35771984
35781984
35791984
35801984
35811984
35821984
35831984
35841984
35851984
35861984
35871984
35881984
35891984
35901984
35911984
35921984
35931984
35941984
35951984
35961984
35971984
35981984
35991984
36001984
36011984
36021984
36031984
36041984
36051984
36061984
36071984
36081984
36091984
36101984
36111984
36121984
36131984
36141984
36151984
36161984
36171984
36181984
36191984
36201984
36211984
36221984
36231984
36241984
36251984
36261984
36271984
36281984
36291984
36301984
36311984
36321984
36331984
36341984
36351984
36361984
36371984
36381984
36391984
36401984
36411984
36421984
36431984
36441984
36451984
36461984
36471984
36481984
36491984
36501984
36511984
36521984
36531984
36541984
36551984
36561984
36571984
36581984
36591984
36601984
36611984
36621984
36631984
36641984
36651984
36661984
36671984
36681984
36691984
36701984
36711984
36721984
36731984
36741984
36751984
36761984
36771984
36781984
36791984
36801984
36811984
36821984
36831984
36841984
36851984
36861984
36871984
36881984
36891984
36901984
36911984
36921984
36931984
36941984
36951984
36961984
36971984
36981984
36991984
37001984
37011984
37021984
37031984
37041984
37051984
37061984
37071984
37081984
37091984
37101984
37111984
37121984
37131984
37141984
37151984
37161984
37171984
37181984
37191984
37201984
37211984
37221984
37231984
37241984
37251984
37261984
37271984
37281984
37291984
37301984
37311984
37321984
37331984
37341984
37351984
37361984
37371984
37381984
37391984
37401984
37411984
37421984
37431984
37441984
37451984
37461984
37471984
37481984
37491984
37501984
37511984
37521984
37531984
37541984
37551984
37561984
37571984
37581984
37591984
37601984
37611984
37621984
37631984
37641984
37651984
37661984
37671984
37681984
37691984
37701984
37711984
37721984
37731984
37741984
37751984
37761984
37771984
37781984
37791984
37801984
37811984
37821984
37831984
37841984
37851984
37861984
37871984
37881984
37891984
37901984
37911984
37921984
37931984
37941984
37951984
37961984
37971984
37981984
37991984
38001984
38011984
38021984
38031984
38041984
38051984
38061984
38071984
38081984
38091984
38101984
38111984
38121984
38131984
38141984
38151984
38161984
38171984
38181984
38191984
38201984
38211984
38221984
38231984
38241984
38251984
38261984
38271984
38281984
38291984
38301984
38311984
38321984
38331984
38341984
38351984
38361984
38371984
38381984
38391984
38401984
38411984
38421984
38431984
38441984
38451984
38461984
38471984
38481984
38491984
38501984
38511984
38521984
38531984
38541984
38551984
38561984
38571984
38581984
38591984
38601984
38611984
38621984
38631984
38641984
38651984
38661984
38671984
38681984
38691984
38701984
38711984
38721984
38731984
38741984
38751984
38761984
38771984
38781984
38791984
38801984
38811984
38821984
38831984
38841984
38851984
38861984
38871984
38881984
38891984
38901984
38911984
38921984
38931984
38941984
38951984
38961984
38971984
38981984
38991984
39001984
39011984
39021984
39031984
39041984
39051984
39061984
39071984
39081984
39091984
39101984
39111984
39121984
39131984
39141984
39151984
39161984
39171984
39181984
39191984
39201984
39211984
39221984
39231984
39241984
39251984
39261984
39271984
39281984
39291984
39301984
39311984
39321984
39331984
39341984
39351984
39361984
39371984
39381984
39391984
39401984
39411984
39421984
39431984
39441984
39451984
39461984
39471984
39481984
39491984
39501984
39511984
39521984
39531984
39541984
39551984
39561984
39571984
39581984
39591984
39601984
39611984
39621984
39631984
39641984
39651984
39661984
39671984
39681984
39691984
39701984
39711984
39721984
39731984
39741984
39751984
39761984
39771984
39781984
39791984
39801984
39811984
39821984
39831984
39841984
39851984
39861984
39871984
39881984
39891984
39901984
39911984
39921984
39931984
39941984
39951984
39961984
39971984
39981984
39991984
40001984
40011984
40021984
40031984
40041984
40051984
40061984
40071984
40081984
40091984
40101984
40111984
40121984
40131984
40141984
40151984
40161984
40171984
40181984
40191984
40201984
40211984
40221984
40231984
40241984
40251984
40261984
40271984
40281984
40291984
40301984
40311984
40321984
40331984
40341984
40351984
40361984
40371984
40381984
40391984
40401984
40411984
40421984
40431984
40441984
40451984
40461984
40471984
40481984
40491984
40501984
40511984
40521984
40531984
40541984
40551984
40561984
40571984
40581984
40591984
40601984
40611984
40621984
40631984
40641984
40651984
40661984
40671984
40681984
40691984
40701984
40711984
40721984
40731984
40741984
40751984
40761984
40771984
40781984
40791984
40801984
40811984
40821984
40831984
40841984
40851984
40861984
40871984
40881984
40891984
40901984
40911984
40921984
40931984
40941984
40951984
40961984
40971984
40981984
40991984
41001984
41011984
41021984
41031984
41041984
41051984
41061984
41071984
41081984
41091984
41101984
41111984
41121984
41131984
41141984
41151984
41161984
41171984
41181984
41191984
41201984
41211984
41221984
41231984
41241984
41251984
41261984
41271984
41281984
41291984
41301984
41311984
41321984
41331984
41341984
41351984
41361984
41371984
41381984
41391984
41401984
41411984
41421984
41431984
41441984
41451984
41461984
41471984
41481984
41491984
41501984
41511984
41521984
41531984
41541984
41551984
41561984
41571984
41581984
41591984
41601984
41611984
41621984
41631984
41641984
41651984
41661984
41671984
41681984
41691984
41701984
41711984
41721984
41731984
41741984
41751984
41761984
41771984
41781984
41791984
41801984
41811984
41821984
41831984
41841984
41851984
41861984
41871984
41881984
41891984
41901984
41911984
41921984
41931984
41941984
41951984
41961984
41971984
41981984
41991984
42001984
42011984
42021984
42031984
42041984
42051984
42061984
42071984
42081984
42091984
42101984
42111984
42121984
42131984
42141984
42151984
42161984
42171984
42181984
42191984
42201984
42211984
42221984
42231984
42241984
42251984
42261984
42271984
42281984
42291984
42301984
42311984
42321984
42331984
42341984
42351984
42361984
42371984
42381984
42391984
42401984
42411984
42421984
42431984
42441984
42451984
42461984
42471984
42481984
42491984
42501984
42511984
42521984
42531984
42541984
42551984
42561984
42571984
42581984
42591984
42601984
42611984
42621984
42631984
42641984
42651984
42661984
42671984
42681984
42691984
42701984
42711984
42721984
42731984
42741984
42751984
42761984
42771984
42781984
42791984
42801984
42811984
42821984
42831984
42841984
42851984
42861984
42871984
42881984
42891984
42901984
42911984
42921984
42931984
42941984
42951984
42961984
42971984
42981984
42991984
43001984
43011984
43021984
43031984
43041984
43051984
43061984
43071984
43081984
43091984
43101984
43111984
43121984
43131984
43141984
43151984
43161984
43171984
43181984
43191984
43201984
43211984
43221984
43231984
43241984
43251984
43261984
43271984
43281984
43291984
43301984
43311984
43321984
43331984
43341984
43351984
43361984
43371984
43381984
43391984
43401984
43411984
43421984
43431984
43441984
43451984
43461984
43471984
43481984
43491984
43501984
43511984
43521984
43531984
43541984
43551984
43561984
43571984
43581984
43591984
43601984
43611984
43621984
43631984
43641984
43651984
43661984
43671984
43681984
43691984
43701984
43711984
43721984
43731984
43741984
43751984
43761984
43771984
43781984
43791984
43801984
43811984
43821984
43831984
43841984
43851984
43861984
43871984
43881984
43891984
43901984
43911984
43921984
43931984
43941984
43951984
43961984
43971984
43981984
43991984
44001984
44011984
44021984
44031984
44041984
44051984
44061984
44071984
44081984
44091984
44101984
44111984
44121984
44131984
44141984
44151984
44161984
44171984
44181984
44191984
44201984
44211984
44221984
44231984
44241984
44251984
44261984
44271984
44281984
44291984
44301984
44311984
44321984
44331984
44341984
44351984
44361984
44371984
44381984
44391984
44401984
44411984
44421984
44431984
44441984
44451984
44461984
44471984
44481984
44491984
44501984
44511984
44521984
44531984
44541984
44551984
44561984
44571984
44581984
44591984
44601984
44611984
44621984
44631984
44641984
44651984
44661984
44671984
44681984
44691984
44701984
44711984
44721984
44731984
44741984
44751984
44761984
44771984
44781984
44791984
44801984
44811984
44821984
44831984
44841984
44851984
44861984
44871984
44881984
44891984
44901984
44911984
44921984
44931984
44941984
44951984
44961984
44971984
44981984
44991984
45001984
45011984
45021984
45031984
45041984
45051984
45061984
45071984
45081984
45091984
45101984
45111984
45121984
45131984
45141984
45151984
45161984
45171984
45181984
45191984
45201984
45211984
45221984
45231984
45241984
45251984
45261984
45271984
45281984
45291984
45301984
45311984
45321984
45331984
45341984
45351984
45361984
45371984
45381984
45391984
45401984
45411984
45421984
45431984
45441984
45451984
45461984
45471984
45481984
45491984
45501984
45511984
45521984
45531984
45541984
45551984
45561984
45571984
45581984
45591984
45601984
45611984
45621984
45631984
45641984
45651984
45661984
45671984
45681984
45691984
45701984
45711984
45721984
45731984
45741984
45751984
45761984
45771984
45781984
45791984
45801984
45811984
45821984
45831984
45841984
45851984
45861984
45871984
45881984
45891984
45901984
45911984
45921984
45931984
45941984
45951984
45961984
45971984
45981984
45991984
46001984
46011984
46021984
46031984
46041984
46051984
46061984
46071984
46081984
46091984
46101984
46111984
46121984
46131984
46141984
46151984
46161984
46171984
46181984
46191984
46201984
46211984
46221984
46231984
46241984
46251984
46261984
46271984
46281984
46291984
46301984
46311984
46321984
46331984
46341984
46351984
46361984
46371984
46381984
46391984
46401984
46411984
46421984
46431984
46441984
46451984
46461984
46471984
46481984
46491984
46501984
46511984
46521984
46531984
46541984
46551984
46561984
46571984
46581984
46591984
46601984
46611984
46621984
46631984
46641984
46651984
46661984
46671984
46681984
46691984
46701984
46711984
46721984
46731984
46741984
46751984
46761984
46771984
46781984
46791984
46801984
46811984
46821984
46831984
46841984
46851984
46861984
46871984
46881984
46891984
46901984
46911984
46921984
46931984
46941984
46951984
46961984
46971984
46981984
46991984
47001984
47011984
47021984
47031984
47041984
47051984
47061984
47071984
47081984
47091984
47101984
47111984
47121984
47131984
47141984
47151984
47161984
47171984
47181984
47191984
47201984
47211984
47221984
47231984
47241984
47251984
47261984
47271984
47281984
47291984
47301984
47311984
47321984
47331984
47341984
47351984
47361984
47371984
47381984
47391984
47401984
47411984
47421984
47431984
47441984
47451984
47461984
47471984
47481984
47491984
47501984
47511984
47521984
47531984
47541984
47551984
47561984
47571984
47581984
47591984
47601984
47611984
47621984
47631984
47641984
47651984
47661984
47671984
47681984
47691984
47701984
47711984
47721984
47731984
47741984
47751984
47761984
47771984
47781984
47791984
47801984
47811984
47821984
47831984
47841984
47851984
47861984
47871984
47881984
47891984
47901984
47911984
47921984
47931984
47941984
47951984
47961984
47971984
47981984
47991984
48001984
48011984
48021984
48031984
48041984
48051984
48061984
48071984
48081984
48091984
48101984
48111984
48121984
48131984
48141984
48151984
48161984
48171984
48181984
48191984
48201984
48211984
48221984
48231984
48241984
48251984
48261984
48271984
48281984
48291984
48301984
48311984
48321984
48331984
48341984
48351984
48361984
48371984
48381984
48391984
48401984
48411984
48421984
48431984
48441984
48451984
48461984
48471984
48481984
48491984
48501984
48511984
48521984
48531984
48541984
48551984
48561984
48571984
48581984
48591984
48601984
48611984
48621984
48631984
48641984
48651984
48661984
48671984
48681984
48691984
48701984
48711984
48721984
48731984
48741984
48751984
48761984
48771984
48781984
48791984
48801984
48811984
48821984
48831984
48841984
48851984
48861984
48871984
48881984
48891984
48901984
48911984
48921984
48931984
48941984
48951984
48961984
48971984
48981984
48991984
49001984
49011984
49021984
49031984
49041984
49051984
49061984
49071984
49081984
49091984
49101984
49111984
49121984
49131984
49141984
49151984
49161984
49171984
49181984
49191984
49201984
49211984
49221984
49231984
49241984
49251984
49261984
49271984
49281984
49291984
49301984
49311984
49321984
49331984
49341984
49351984
49361984
49371984
49381984
49391984
49401984
49411984
49421984
49431984
49441984
49451984
49461984
49471984
49481984
49491984
49501984
49511984
49521984
49531984
49541984
49551984
49561984
49571984
49581984
49591984
49601984
49611984
49621984
49631984
49641984
49651984
49661984
49671984
49681984
49691984
49701984
49711984
49721984
49731984
49741984
49751984
49761984
49771984
49781984
49791984
49801984
49811984
49821984
49831984
49841984
49851984
49861984
49871984
49881984
49891984
49901984
49911984
49921984
49931984
49941984
49951984
49961984
49971984
49981984
49991984
50001984
50011984
50021984
50031984
50041984
50051984
50061984
50071984
50081984
50091984
50101984
50111984
50121984
50131984
50141984
50151984
50161984
50171984
50181984
50191984
50201984
50211984
50221984
50231984
50241984
50251984
50261984
50271984
50281984
50291984
50301984
50311984
50321984
50331984
50341984
50351984
50361984
50371984
50381984
50391984
50401984
50411984
50421984
50431984
50441984
50451984
50461984
50471984
50481984
50491984
50501984
50511984
50521984
50531984
50541984
50551984
50561984
50571984
50581984
50591984
50601984
50611984
50621984
50631984
50641984
50651984
50661984
50671984
50681984
50691984
50701984
50711984
50721984
50731984
50741984
50751984
50761984
50771984
50781984
50791984
50801984
50811984
50821984
50831984
50841984
50851984
50861984
50871984
50881984
50891984
50901984
50911984
50921984
50931984
50941984
50951984
50961984
50971984
50981984
50991984
51001984
51011984
51021984
51031984
51041984
51051984
51061984
51071984
51081984
51091984
51101984
51111984
51121984
51131984
51141984
51151984
51161984
51171984
51181984
51191984
51201984
51211984
51221984
51231984
51241984
51251984
51261984
51271984
51281984
51291984
51301984
51311984
51321984
51331984
51341984
51351984
51361984
51371984
51381984
51391984
51401984
51411984
51421984
51431984
51441984
51451984
51461984
51471984
51481984
51491984
51501984
51511984
51521984
51531984
51541984
51551984
51561984
51571984
51581984
51591984
51601984
51611984
51621984
51631984
51641984
51651984
51661984
51671984
51681984
51691984
51701984
51711984
51721984
51731984
51741984
51751984
51761984
51771984
51781984
51791984
51801984
51811984
51821984
51831984
51841984
51851984
51861984
51871984
51881984
51891984
51901984
51911984
51921984
51931984
51941984
51951984
51961984
51971984
51981984
51991984
52001984
52011984
52021984
52031984
52041984
52051984
52061984
52071984
52081984
52091984
52101984
52111984
52121984
52131984
52141984
52151984
52161984
52171984
52181984
52191984
52201984
52211984
52221984
52231984
52241984
52251984
52261984
52271984
52281984
52291984
52301984
52311984
52321984
52331984
52341984
52351984
52361984
52371984
52381984
52391984
52401984
52411984
52421984
52431984
52441984
52451984
52461984
52471984
52481984
52491984
52501984
52511984
52521984
52531984
52541984
52551984
52561984
52571984
52581984
52591984
52601984
52611984
52621984
52631984
52641984
52651984
52661984
52671984
52681984
52691984
52701984
52711984
52721984
52731984
52741984
52751984
52761984
52771984
52781984
52791984
52801984
52811984
52821984
52831984
52841984
52851984
52861984
52871984
52881984
52891984
52901984
52911984
52921984
52931984
52941984
52951984
52961984
52971984
52981984
52991984
53001984
53011984
53021984
53031984
53041984
53051984
53061984
53071984
53081984
53091984
53101984
53111984
53121984
53131984
53141984
53151984
53161984
53171984
53181984
53191984
53201984
53211984
53221984
53231984
53241984
53251984
53261984
53271984
53281984
53291984
53301984
53311984
53321984
53331984
53341984
53351984
53361984
53371984
53381984
53391984
53401984
53411984
53421984
53431984
53441984
53451984
53461984
53471984
53481984
53491984
53501984
53511984
53521984
53531984
53541984
53551984
53561984
53571984
53581984
53591984
53601984
53611984
53621984
53631984
53641984
53651984
53661984
53671984
53681984
53691984
53701984
53711984
53721984
53731984
53741984
53751984
53761984
53771984
53781984
53791984
53801984
53811984
53821984
53831984
53841984
53851984
53861984
53871984
53881984
53891984
53901984
53911984
53921984
53931984
53941984
53951984
53961984
53971984
53981984
53991984
54001984
54011984
54021984
54031984
54041984
54051984
54061984
54071984
54081984
54091984
54101984
54111984
54121984
54131984
54141984
54151984
54161984
54171984
54181984
54191984
54201984
54211984
54221984
54231984
54241984
54251984
54261984
54271984
54281984
54291984
54301984
54311984
54321984
54331984
54341984
54351984
54361984
54371984
54381984
54391984
54401984
54411984
54421984
54431984
54441984
54451984
54461984
54471984
54481984
54491984
54501984
54511984
54521984
54531984
54541984
54551984
54561984
54571984
54581984
54591984
54601984
54611984
54621984
54631984
54641984
54651984
54661984
54671984
54681984
54691984
54701984
54711984
54721984
54731984
54741984
54751984
54761984
54771984
54781984
54791984
54801984
54811984
54821984
54831984
54841984
54851984
54861984
54871984
54881984
54891984
54901984
54911984
54921984
54931984
54941984
54951984
54961984
54971984
54981984
54991984
55001984
55011984
55021984
55031984
55041984
55051984
55061984
55071984
55081984
55091984
55101984
55111984
55121984
55131984
55141984
55151984
55161984
55171984
55181984
55191984
55201984
55211984
55221984
55231984
55241984
55251984
55261984
55271984
55281984
55291984
55301984
55311984
55321984
55331984
55341984
55351984
55361984
55371984
55381984
55391984
55401984
55411984
55421984
55431984
55441984
55451984
55461984
55471984
55481984
55491984
55501984
55511984
55521984
55531984
55541984
55551984
55561984
55571984
55581984
55591984
55601984
55611984
55621984
55631984
55641984
55651984
55661984
55671984
55681984
55691984
55701984
55711984
55721984
55731984
55741984
55751984
55761984
55771984
55781984
55791984
55801984
55811984
55821984
55831984
55841984
55851984
55861984
55871984
55881984
55891984
55901984
55911984
55921984
55931984
55941984
55951984
55961984
55971984
55981984
55991984
56001984
56011984
56021984
56031984
56041984
56051984
56061984
56071984
56081984
56091984
56101984
56111984
56121984
56131984
56141984
56151984
56161984
56171984
56181984
56191984
56201984
56211984
56221984
56231984
56241984
56251984
56261984
56271984
56281984
56291984
56301984
56311984
56321984
56331984
56341984
56351984
56361984
56371984
56381984
56391984
56401984
56411984
56421984
56431984
56441984
56451984
56461984
56471984
56481984
56491984
56501984
56511984
56521984
56531984
56541984
56551984
56561984
56571984
56581984
56591984
56601984
56611984
56621984
56631984
56641984
56651984
56661984
56671984
56681984
56691984
56701984
56711984
56721984
56731984
56741984
56751984
56761984
56771984
56781984
56791984
56801984
56811984
56821984
56831984
56841984
56851984
56861984
56871984
56881984
56891984
56901984
56911984
56921984
56931984
56941984
56951984
56961984
56971984
56981984
56991984
57001984
57011984
57021984
57031984
57041984
57051984
57061984
57071984
57081984
57091984
57101984
57111984
57121984
57131984
57141984
57151984
57161984
57171984
57181984
57191984
57201984
57211984
57221984
57231984
57241984
57251984
57261984
57271984
57281984
57291984
57301984
57311984
57321984
57331984
57341984
57351984
57361984
57371984
57381984
57391984
57401984
57411984
57421984
57431984
57441984
57451984
57461984
57471984
57481984
57491984
57501984
57511984
57521984
57531984
57541984
57551984
57561984
57571984
57581984
57591984
57601984
57611984
57621984
57631984
57641984
57651984
57661984
57671984
57681984
57691984
57701984
57711984
57721984
57731984
57741984
57751984
57761984
57771984
57781984
57791984
57801984
57811984
57821984
57831984
57841984
57851984
57861984
57871984
57881984
57891984
57901984
57911984
57921984
57931984
57941984
57951984
57961984
57971984
57981984
57991984
58001984
58011984
58021984
58031984
58041984
58051984
58061984
58071984
58081984
58091984
58101984
58111984
58121984
58131984
58141984
58151984
58161984
58171984
58181984
58191984
58201984
58211984
58221984
58231984
58241984
58251984
58261984
58271984
58281984
58291984
58301984
58311984
58321984
58331984
58341984
58351984
58361984
58371984
58381984
58391984
58401984
58411984
58421984
58431984
58441984
58451984
58461984
58471984
58481984
58491984
58501984
58511984
58521984
58531984
58541984
58551984
58561984
58571984
58581984
58591984
58601984
58611984
58621984
58631984
58641984
58651984
58661984
58671984
58681984
58691984
58701984
58711984
58721984
58731984
58741984
58751984
58761984
58771984
58781984
58791984
58801984
58811984
58821984
58831984
58841984
58851984
58861984
58871984
58881984
58891984
58901984
58911984
58921984
58931984
58941984
58951984
58961984
58971984
58981984
58991984
59001984
59011984
59021984
59031984
59041984
59051984
59061984
59071984
59081984
59091984
59101984
59111984
59121984
59131984
59141984
59151984
59161984
59171984
59181984
59191984
59201984
59211984
59221984
59231984
59241984
59251984
59261984
59271984
59281984
59291984
59301984
59311984
59321984
59331984
59341984
59351984
59361984
59371984
59381984
59391984
59401984
59411984
59421984
59431984
59441984
59451984
59461984
59471984
59481984
59491984
59501984
59511984
59521984
59531984
59541984
59551984
59561984
59571984
59581984
59591984
59601984
59611984
59621984
59631984
59641984
59651984
59661984
59671984
59681984
59691984
59701984
59711984
59721984
59731984
59741984
59751984
59761984
59771984
59781984
59791984
59801984
59811984
59821984
59831984
59841984
59851984
59861984
59871984
59881984
59891984
59901984
59911984
59921984
59931984
59941984
59951984
59961984
59971984
59981984
59991984
60001984
60011984
60021984
60031984
60041984
60051984
60061984
60071984
60081984
60091984
60101984
60111984
60121984
60131984
60141984
60151984
60161984
60171984
60181984
60191984
60201984
60211984
60221984
60231984
60241984
60251984
60261984
60271984
60281984
60291984
60301984
60311984
60321984
60331984
60341984
60351984
60361984
60371984
60381984
60391984
60401984
60411984
60421984
60431984
60441984
60451984
60461984
60471984
60481984
60491984
60501984
60511984
60521984
60531984
60541984
60551984
60561984
60571984
60581984
60591984
60601984
60611984
60621984
60631984
60641984
60651984
60661984
60671984
60681984
60691984
60701984
60711984
60721984
60731984
60741984
60751984
60761984
60771984
60781984
60791984
60801984
60811984
60821984
60831984
60841984
60851984
60861984
60871984
60881984
60891984
60901984
60911984
60921984
60931984
60941984
60951984
60961984
60971984
60981984
60991984
61001984
61011984
61021984
61031984
61041984
61051984
61061984
61071984
61081984
61091984
61101984
61111984
61121984
61131984
61141984
61151984
61161984
61171984
61181984
61191984
61201984
61211984
61221984
61231984
61241984
61251984
61261984
61271984
61281984
61291984
61301984
61311984
61321984
61331984
61341984
61351984
61361984
61371984
61381984
61391984
61401984
61411984
61421984
61431984
61441984
61451984
61461984
61471984
61481984
61491984
61501984
61511984
61521984
61531984
61541984
61551984
61561984
61571984
61581984
61591984
61601984
61611984
61621984
61631984
61641984
61651984
61661984
61671984
61681984
61691984
61701984
61711984
61721984
61731984
61741984
61751984
61761984
61771984
61781984
61791984
61801984
61811984
61821984
61831984
61841984
61851984
61861984
61871984
61881984
61891984
61901984
61911984
61921984
61931984
61941984
61951984
61961984
61971984
61981984
61991984
62001984
62011984
62021984
62031984
62041984
62051984
62061984
62071984
62081984
62091984
62101984
62111984
62121984
62131984
62141984
62151984
62161984
62171984
62181984
62191984
62201984
62211984
62221984
62231984
62241984
62251984
62261984
62271984
62281984
62291984
62301984
62311984
62321984
62331984
62341984
62351984
62361984
62371984
62381984
62391984
62401984
62411984
62421984
62431984
62441984
62451984
62461984
62471984
62481984
62491984
62501984
62511984
62521984
62531984
62541984
62551984
62561984
62571984
62581984
62591984
62601984
62611984
62621984
62631984
62641984
62651984
62661984
62671984
62681984
62691984
62701984
62711984
62721984
62731984
62741984
62751984
62761984
62771984
62781984
62791984
62801984
62811984
62821984
62831984
62841984
62851984
62861984
62871984
62881984
62891984
62901984
62911984
62921984
62931984
62941984
62951984
62961984
62971984
62981984
62991984
63001984
63011984
63021984
63031984
63041984
63051984
63061984
63071984
63081984
63091984
63101984
63111984
63121984
63131984
63141984
63151984
63161984
63171984
63181984
63191984
63201984
63211984
63221984
63231984
63241984
63251984
63261984
63271984
63281984
63291984
63301984
63311984
63321984
63331984
63341984
63351984
63361984
63371984
63381984
63391984
63401984
63411984
63421984
63431984
63441984
63451984
63461984
63471984
63481984
63491984
63501984
63511984
63521984
63531984
63541984
63551984
63561984
63571984
63581984
63591984
63601984
63611984
63621984
63631984
63641984
63651984
63661984
63671984
63681984
63691984
63701984
63711984
63721984
63731984
63741984
63751984
63761984
63771984
63781984
63791984
63801984
63811984
63821984
63831984
63841984
63851984
63861984
63871984
63881984
63891984
63901984
63911984
63921984
63931984
63941984
63951984
63961984
63971984
63981984
63991984
64001984
64011984
64021984
64031984
64041984
64051984
64061984
64071984
64081984
64091984
64101984
64111984
64121984
64131984
64141984
64151984
64161984
64171984
64181984
64191984
64201984
64211984
64221984
64231984
64241984
64251984
64261984
64271984
64281984
64291984
64301984
64311984
64321984
64331984
64341984
64351984
64361984
64371984
64381984
64391984
64401984
64411984
64421984
64431984
64441984
64451984
64461984
64471984
64481984
64491984
64501984
64511984
64521984
64531984
64541984
64551984
64561984
64571984
64581984
64591984
64601984
64611984
64621984
64631984
64641984
64651984
64661984
64671984
64681984
64691984
64701984
64711984
64721984
64731984
64741984
64751984
64761984
64771984
64781984
64791984
64801984
64811984
64821984
64831984
64841984
64851984
64861984
64871984
64881984
64891984
64901984
64911984
64921984
64931984
64941984
64951984
64961984
64971984
64981984
64991984
65001984
65011984
65021984
65031984
65041984
65051984
65061984
65071984
65081984
65091984
65101984
65111984
65121984
65131984
65141984
65151984
65161984
65171984
65181984
65191984
65201984
65211984
65221984
65231984
65241984
65251984
65261984
65271984
65281984
65291984
65301984
65311984
65321984
65331984
65341984
65351984
65361984
65371984
65381984
65391984
65401984
65411984
65421984
65431984
65441984
65451984
65461984
65471984
65481984
65491984
65501984
65511984
65521984
65531984
65541984
65551984
65561984
65571984
65581984
65591984
65601984
65611984
65621984
65631984
65641984
65651984
65661984
65671984
65681984
65691984
65701984
65711984
65721984
65731984
65741984
65751984
65761984
65771984
65781984
65791984
65801984
65811984
65821984
65831984
65841984
65851984
65861984
65871984
65881984
65891984
65901984
65911984
65921984
65931984
65941984
65951984
65961984
65971984
65981984
65991984
66001984
66011984
66021984
66031984
66041984
66051984
66061984
66071984
66081984
66091984
66101984
66111984
66121984
66131984
66141984
66151984
66161984
66171984
66181984
66191984
66201984
66211984
66221984
66231984
66241984
66251984
66261984
66271984
66281984
66291984
66301984
66311984
66321984
66331984
66341984
66351984
66361984
66371984
66381984
66391984
66401984
66411984
66421984
66431984
66441984
66451984
66461984
66471984
66481984
66491984
66501984
66511984
66521984
66531984
66541984
66551984
66561984
66571984
66581984
66591984
66601984
66611984
66621984
66631984
66641984
66651984
66661984
66671984
66681984
66691984
66701984
66711984
66721984
66731984
66741984
66751984
66761984
66771984
66781984
66791984
66801984
66811984
66821984
66831984
66841984
66851984
66861984
66871984
66881984
66891984
66901984
66911984
66921984
66931984
66941984
66951984
66961984
66971984
66981984
66991984
67001984
67011984
67021984
67031984
67041984
67051984
67061984
67071984
67081984
67091984
67101984
67111984
67121984
67131984
67141984
67151984
67161984
67171984
67181984
67191984
67201984
67211984
67221984
67231984
67241984
67251984
67261984
67271984
67281984
67291984
67301984
67311984
67321984
67331984
67341984
67351984
67361984
67371984
67381984
67391984
67401984
67411984
67421984
67431984
67441984
67451984
67461984
67471984
67481984
67491984
67501984
67511984
67521984
67531984
67541984
67551984
67561984
67571984
67581984
67591984
67601984
67611984
67621984
67631984
67641984
67651984
67661984
67671984
67681984
67691984
67701984
67711984
67721984
67731984
67741984
67751984
67761984
67771984
67781984
67791984
67801984
67811984
67821984
67831984
67841984
67851984
67861984
67871984
67881984
67891984
67901984
67911984
67921984
67931984
67941984
67951984
67961984
67971984
67981984
67991984
68001984
68011984
68021984
68031984
68041984
68051984
68061984
68071984
68081984
68091984
68101984
68111984
68121984
68131984
68141984
68151984
68161984
68171984
68181984
68191984
68201984
68211984
68221984
68231984
68241984
68251984
68261984
68271984
68281984
68291984
68301984
68311984
68321984
68331984
68341984
68351984
68361984
68371984
68381984
68391984
68401984
68411984
68421984
68431984
68441984
68451984
68461984
68471984
68481984
68491984
68501984
68511984
68521984
68531984
68541984
68551984
68561984
68571984
68581984
68591984
68601984
68611984
68621984
68631984
68641984
68651984
68661984
68671984
68681984
68691984
68701984
68711984
68721984
68731984
68741984
68751984
68761984
68771984
68781984
68791984
68801984
68811984
68821984
68831984
68841984
68851984
68861984
68871984
68881984
68891984
68901984
68911984
68921984
68931984
68941984
68951984
68961984
68971984
68981984
68991984
69001984
69011984
69021984
69031984
69041984
69051984
69061984
69071984
69081984
69091984
69101984
69111984
69121984
69131984
69141984
69151984
69161984
69171984
69181984
69191984
69201984
69211984
69221984
69231984
69241984
69251984
69261984
69271984
69281984
69291984
69301984
69311984
69321984
69331984
69341984
69351984
69361984
69371984
69381984
69391984
69401984
69411984
69421984
69431984
69441984
69451984
69461984
69471984
69481984
69491984
69501984
69511984
69521984
69531984
69541984
69551984
69561984
69571984
69581984
69591984
69601984
69611984
69621984
69631984
69641984
69651984
69661984
69671984
69681984
69691984
69701984
69711984
69721984
69731984
69741984
69751984
69761984
69771984
69781984
69791984
69801984
69811984
69821984
69831984
69841984
69851984
69861984
69871984
69881984
69891984
69901984
69911984
69921984
69931984
69941984
69951984
69961984
69971984
69981984
69991984
70001984
70011984
70021984
70031984
70041984
70051984
70061984
70071984
70081984
70091984
70101984
70111984
70121984
70131984
70141984
70151984
70161984
70171984
70181984
70191984
70201984
70211984
70221984
70231984
70241984
70251984
70261984
70271984
70281984
70291984
70301984
70311984
70321984
70331984
70341984
70351984
70361984
70371984
70381984
70391984
70401984
70411984
70421984
70431984
70441984
70451984
70461984
70471984
70481984
70491984
70501984
70511984
70521984
70531984
70541984
70551984
70561984
70571984
70581984
70591984
70601984
70611984
70621984
70631984
70641984
70651984
70661984
70671984
70681984
70691984
70701984
70711984
70721984
70731984
70741984
70751984
70761984
70771984
70781984
70791984
70801984
70811984
70821984
70831984
70841984
70851984
70861984
70871984
70881984
70891984
70901984
70911984
70921984
70931984
70941984
70951984
70961984
70971984
70981984
70991984
71001984
71011984
71021984
71031984
71041984
71051984
71061984
71071984
71081984
71091984
71101984
71111984
71121984
71131984
71141984
71151984
71161984
71171984
71181984
71191984
71201984
71211984
71221984
71231984
71241984
71251984
71261984
71271984
71281984
71291984
71301984
71311984
71321984
71331984
71341984
71351984
71361984
71371984
71381984
71391984
71401984
71411984
71421984
71431984
71441984
71451984
71461984
71471984
71481984
71491984
71501984
71511984
71521984
71531984
71541984
71551984
71561984
71571984
71581984
71591984
71601984
71611984
71621984
71631984
71641984
71651984
71661984
71671984
71681984
71691984
71701984
71711984
71721984
71731984
71741984
71751984
71761984
71771984
71781984
71791984
71801984
71811984
71821984
71831984
71841984
71851984
71861984
71871984
71881984
71891984
71901984
71911984
71921984
71931984
71941984
71951984
71961984
71971984
71981984
71991984
72001984
72011984
72021984
72031984
72041984
72051984
72061984
72071984
72081984
72091984
72101984
72111984
72121984
72131984
72141984
72151984
72161984
72171984
72181984
72191984
72201984
72211984
72221984
72231984
72241984
72251984
72261984
72271984
72281984
72291984
72301984
72311984
72321984
72331984
72341984
72351984
72361984
72371984
72381984
72391984
72401984
72411984
72421984
72431984
72441984
72451984
72461984
72471984
72481984
72491984
72501984
72511984
72521984
72531984
72541984
72551984
72561984
72571984
72581984
72591984
72601984
72611984
72621984
72631984
72641984
72651984
72661984
72671984
72681984
72691984
72701984
72711984
72721984
72731984
72741984
72751984
72761984
72771984
72781984
72791984
72801984
72811984
72821984
72831984
72841984
72851984
72861984
72871984
72881984
72891984
72901984
72911984
72921984
72931984
72941984
72951984
72961984
72971984
72981984
72991984
73001984
73011984
73021984
73031984
73041984
73051984
73061984
73071984
73081984
73091984
73101984
73111984
73121984
73131984
73141984
73151984
73161984
73171984
73181984
73191984
73201984
73211984
73221984
73231984
73241984
73251984
73261984
73271984
73281984
73291984
73301984
73311984
73321984
73331984
73341984
73351984
73361984
73371984
73381984
73391984
73401984
73411984
73421984
73431984
73441984
73451984
73461984
73471984
73481984
73491984
73501984
73511984
73521984
73531984
73541984
73551984
73561984
73571984
73581984
73591984
73601984
73611984
73621984
73631984
73641984
73651984
73661984
73671984
73681984
73691984
73701984
73711984
73721984
73731984
73741984
73751984
73761984
73771984
73781984
73791984
73801984
73811984
73821984
73831984
73841984
73851984
73861984
73871984
73881984
73891984
73901984
73911984
73921984
73931984
73941984
73951984
73961984
73971984
73981984
73991984
74001984
74011984
74021984
74031984
74041984
74051984
74061984
74071984
74081984
74091984
74101984
74111984
74121984
74131984
74141984
74151984
74161984
74171984
74181984
74191984
74201984
74211984
74221984
74231984
74241984
74251984
74261984
74271984
74281984
74291984
74301984
74311984
74321984
74331984
74341984
74351984
74361984
74371984
74381984
74391984
74401984
74411984
74421984
74431984
74441984
74451984
74461984
74471984
74481984
74491984
74501984
74511984
74521984
74531984
74541984
74551984
74561984
74571984
74581984
74591984
74601984
74611984
74621984
74631984
74641984
74651984
74661984
74671984
74681984
74691984
74701984
74711984
74721984
74731984
74741984
74751984
74761984
74771984
74781984
74791984
74801984
74811984
74821984
74831984
74841984
74851984
74861984
74871984
74881984
74891984
74901984
74911984
74921984
74931984
74941984
74951984
74961984
74971984
74981984
74991984
75001984
75011984
75021984
75031984
75041984
75051984
75061984
75071984
75081984
75091984
75101984
75111984
75121984
75131984
75141984
75151984
75161984
75171984
75181984
75191984
75201984
75211984
75221984
75231984
75241984
75251984
75261984
75271984
75281984
75291984
75301984
75311984
75321984
75331984
75341984
75351984
75361984
75371984
75381984
75391984
75401984
75411984
75421984
75431984
75441984
75451984
75461984
75471984
75481984
75491984
75501984
75511984
75521984
75531984
75541984
75551984
75561984
75571984
75581984
75591984
75601984
75611984
75621984
75631984
75641984
75651984
75661984
75671984
75681984
75691984
75701984
75711984
75721984
75731984
75741984
75751984
75761984
75771984
75781984
75791984
75801984
75811984
75821984
75831984
75841984
75851984
75861984
75871984
75881984
75891984
75901984
75911984
75921984
75931984
75941984
75951984
75961984
75971984
75981984
75991984
76001984
76011984
76021984
76031984
76041984
76051984
76061984
76071984
76081984
76091984
76101984
76111984
76121984
76131984
76141984
76151984
76161984
76171984
76181984
76191984
76201984
76211984
76221984
76231984
76241984
76251984
76261984
76271984
76281984
76291984
76301984
76311984
76321984
76331984
76341984
76351984
76361984
76371984
76381984
76391984
76401984
76411984
76421984
76431984
76441984
76451984
76461984
76471984
76481984
76491984
76501984
76511984
76521984
76531984
76541984
76551984
76561984
76571984
76581984
76591984
76601984
76611984
76621984
76631984
76641984
76651984
76661984
76671984
76681984
76691984
76701984
76711984
76721984
76731984
76741984
76751984
76761984
76771984
76781984
76791984
76801984
76811984
76821984
76831984
76841984
76851984
76861984
76871984
76881984
76891984
76901984
76911984
76921984
76931984
76941984
76951984
76961984
76971984
76981984
76991984
77001984
77011984
77021984
77031984
77041984
77051984
77061984
77071984
77081984
77091984
77101984
77111984
77121984
77131984
77141984
77151984
77161984
77171984
77181984
77191984
77201984
77211984
77221984
77231984
77241984
77251984
77261984
77271984
77281984
77291984
77301984
77311984
77321984
77331984
77341984
77351984
77361984
77371984
77381984
77391984
77401984
77411984
77421984
77431984
77441984
77451984
77461984
77471984
77481984
77491984
77501984
77511984
77521984
77531984
77541984
77551984
77561984
77571984
77581984
77591984
77601984
77611984
77621984
77631984
77641984
77651984
77661984
77671984
77681984
77691984
77701984
77711984
77721984
77731984
77741984
77751984
77761984
77771984
77781984
77791984
77801984
77811984
77821984
77831984
77841984
77851984
77861984
77871984
77881984
77891984
77901984
77911984
77921984
77931984
77941984
77951984
77961984
77971984
77981984
77991984
78001984
78011984
78021984
78031984
78041984
78051984
78061984
78071984
78081984
78091984
78101984
78111984
78121984
78131984
78141984
78151984
78161984
78171984
78181984
78191984
78201984
78211984
78221984
78231984
78241984
78251984
78261984
78271984
78281984
78291984
78301984
78311984
78321984
78331984
78341984
78351984
78361984
78371984
78381984
78391984
78401984
78411984
78421984
78431984
78441984
78451984
78461984
78471984
78481984
78491984
78501984
78511984
78521984
78531984
78541984
78551984
78561984
78571984
78581984
78591984
78601984
78611984
78621984
78631984
78641984
78651984
78661984
78671984
78681984
78691984
78701984
78711984
78721984
78731984
78741984
78751984
78761984
78771984
78781984
78791984
78801984
78811984
78821984
78831984
78841984
78851984
78861984
78871984
78881984
78891984
78901984
78911984
78921984
78931984
78941984
78951984
78961984
78971984
78981984
78991984
79001984
79011984
79021984
79031984
79041984
79051984
79061984
79071984
79081984
79091984
79101984
79111984
79121984
79131984
79141984
79151984
79161984
79171984
79181984
79191984
79201984
79211984
79221984
79231984
79241984
79251984
79261984
79271984
79281984
79291984
79301984
79311984
79321984
79331984
79341984
79351984
79361984
79371984
79381984
79391984
79401984
79411984
79421984
79431984
79441984
79451984
79461984
79471984
79481984
79491984
79501984
79511984
79521984
79531984
79541984
79551984
79561984
79571984
79581984
79591984
79601984
79611984
79621984
79631984
79641984
79651984
79661984
79671984
79681984
79691984
79701984
79711984
79721984
79731984
79741984
79751984
79761984
79771984
79781984
79791984
79801984
79811984
79821984
79831984
79841984
79851984
79861984
79871984
79881984
79891984
79901984
79911984
79921984
79931984
79941984
79951984
79961984
79971984
79981984
79991984
80001984
80011984
80021984
80031984
80041984
80051984
80061984
80071984
80081984
80091984
80101984
80111984
80121984
80131984
80141984
80151984
80161984
80171984
80181984
80191984
80201984
80211984
80221984
80231984
80241984
80251984
80261984
80271984
80281984
80291984
80301984
80311984
80321984
80331984
80341984
80351984
80361984
80371984
80381984
80391984
80401984
80411984
80421984
80431984
80441984
80451984
80461984
80471984
80481984
80491984
80501984
80511984
80521984
80531984
80541984
80551984
80561984
80571984
80581984
80591984
80601984
80611984
80621984
80631984
80641984
80651984
80661984
80671984
80681984
80691984
80701984
80711984
80721984
80731984
80741984
80751984
80761984
80771984
80781984
80791984
80801984
80811984
80821984
80831984
80841984
80851984
80861984
80871984
80881984
80891984
80901984
80911984
80921984
80931984
80941984
80951984
80961984
80971984
80981984
80991984
81001984
81011984
81021984
81031984
81041984
81051984
81061984
81071984
81081984
81091984
81101984
81111984
81121984
81131984
81141984
81151984
81161984
81171984
81181984
81191984
81201984
81211984
81221984
81231984
81241984
81251984
81261984
81271984
81281984
81291984
81301984
81311984
81321984
81331984
81341984
81351984
81361984
81371984
81381984
81391984
81401984
81411984
81421984
81431984
81441984
81451984
81461984
81471984
81481984
81491984
81501984
81511984
81521984
81531984
81541984
81551984
81561984
81571984
81581984
81591984
81601984
81611984
81621984
81631984
81641984
81651984
81661984
81671984
81681984
81691984
81701984
81711984
81721984
81731984
81741984
81751984
81761984
81771984
81781984
81791984
81801984
81811984
81821984
81831984
81841984
81851984
81861984
81871984
81881984
81891984
81901984
81911984
81921984
81931984
81941984
81951984
81961984
81971984
81981984
81991984
82001984
82011984
82021984
82031984
82041984
82051984
82061984
82071984
82081984
82091984
82101984
82111984
82121984
82131984
82141984
82151984
82161984
82171984
82181984
82191984
82201984
82211984
82221984
82231984
82241984
82251984
82261984
82271984
82281984
82291984
82301984
82311984
82321984
82331984
82341984
82351984
82361984
82371984
82381984
82391984
82401984
82411984
82421984
82431984
82441984
82451984
82461984
82471984
82481984
82491984
82501984
82511984
82521984
82531984
82541984
82551984
82561984
82571984
82581984
82591984
82601984
82611984
82621984
82631984
82641984
82651984
82661984
82671984
82681984
82691984
82701984
82711984
82721984
82731984
82741984
82751984
82761984
82771984
82781984
82791984
82801984
82811984
82821984
82831984
82841984
82851984
82861984
82871984
82881984
82891984
82901984
82911984
82921984
82931984
82941984
82951984
82961984
82971984
82981984
82991984
83001984
83011984
83021984
83031984
83041984
83051984
83061984
83071984
83081984
83091984
83101984
83111984
83121984
83131984
83141984
83151984
83161984
83171984
83181984
83191984
83201984
83211984
83221984
83231984
83241984
83251984
83261984
83271984
83281984
83291984
83301984
83311984
83321984
83331984
83341984
83351984
83361984
83371984
83381984
83391984
83401984
83411984
83421984
83431984
83441984
83451984
83461984
83471984
83481984
83491984
83501984
83511984
83521984
83531984
83541984
83551984
83561984
83571984
83581984
83591984
83601984
83611984
83621984
83631984
83641984
83651984
83661984
83671984
83681984
83691984
83701984
83711984
83721984
83731984
83741984
83751984
83761984
83771984
83781984
83791984
83801984
83811984
83821984
83831984
83841984
83851984
83861984
83871984
83881984
83891984
83901984
83911984
83921984
83931984
83941984
83951984
83961984
83971984
83981984
83991984
84001984
84011984
84021984
84031984
84041984
84051984
84061984
84071984
84081984
84091984
84101984
84111984
84121984
84131984
84141984
84151984
84161984
84171984
84181984
84191984
84201984
84211984
84221984
84231984
84241984
84251984
84261984
84271984
84281984
84291984
84301984
84311984
84321984
84331984
84341984
84351984
84361984
84371984
84381984
84391984
84401984
84411984
84421984
84431984
84441984
84451984
84461984
84471984
84481984
84491984
84501984
84511984
84521984
84531984
84541984
84551984
84561984
84571984
84581984
84591984
84601984
84611984
84621984
84631984
84641984
84651984
84661984
84671984
84681984
84691984
84701984
84711984
84721984
84731984
84741984
84751984
84761984
84771984
84781984
84791984
84801984
84811984
84821984
84831984
84841984
84851984
84861984
84871984
84881984
84891984
84901984
84911984
84921984
84931984
84941984
84951984
84961984
84971984
84981984
84991984
85001984
85011984
85021984
85031984
85041984
85051984
85061984
85071984
85081984
85091984
85101984
85111984
85121984
85131984
85141984
85151984
85161984
85171984
85181984
85191984
85201984
85211984
85221984
85231984
85241984
85251984
85261984
85271984
85281984
85291984
85301984
85311984
85321984
85331984
85341984
85351984
85361984
85371984
85381984
85391984
85401984
85411984
85421984
85431984
85441984
85451984
85461984
85471984
85481984
85491984
85501984
85511984
85521984
85531984
85541984
85551984
85561984
85571984
85581984
85591984
85601984
85611984
85621984
85631984
85641984
85651984
85661984
85671984
85681984
85691984
85701984
85711984
85721984
85731984
85741984
85751984
85761984
85771984
85781984
85791984
85801984
85811984
85821984
85831984
85841984
85851984
85861984
85871984
85881984
85891984
85901984
85911984
85921984
85931984
85941984
85951984
85961984
85971984
85981984
85991984
86001984
86011984
86021984
86031984
86041984
86051984
86061984
86071984
86081984
86091984
86101984
86111984
86121984
86131984
86141984
86151984
86161984
86171984
86181984
86191984
86201984
86211984
86221984
86231984
86241984
86251984
86261984
86271984
86281984
86291984
86301984
86311984
86321984
86331984
86341984
86351984
86361984
86371984
86381984
86391984
86401984
86411984
86421984
86431984
86441984
86451984
86461984
86471984
86481984
86491984
86501984
86511984
86521984
86531984
86541984
86551984
86561984
86571984
86581984
86591984
86601984
86611984
86621984
86631984
86641984
86651984
86661984
86671984
86681984
86691984
86701984
86711984
86721984
86731984
86741984
86751984
86761984
86771984
86781984
86791984
86801984
86811984
86821984
86831984
86841984
86851984
86861984
86871984
86881984
86891984
86901984
86911984
86921984
86931984
86941984
86951984
86961984
86971984
86981984
86991984
87001984
87011984
87021984
87031984
87041984
87051984
87061984
87071984
87081984
87091984
87101984
87111984
87121984
87131984
87141984
87151984
87161984
87171984
87181984
87191984
87201984
87211984
87221984
87231984
87241984
87251984
87261984
87271984
87281984
87291984
87301984
87311984
87321984
87331984
87341984
87351984
87361984
87371984
87381984
87391984
87401984
87411984
87421984
87431984
87441984
87451984
87461984
87471984
87481984
87491984
87501984
87511984
87521984
87531984
87541984
87551984
87561984
87571984
87581984
87591984
87601984
87611984
87621984
87631984
87641984
87651984
87661984
87671984
87681984
87691984
87701984
87711984
87721984
87731984
87741984
87751984
87761984
87771984
87781984
87791984
87801984
87811984
87821984
87831984
87841984
87851984
87861984
87871984
87881984
87891984
87901984
87911984
87921984
87931984
87941984
87951984
87961984
87971984
87981984
87991984
88001984
88011984
88021984
88031984
88041984
88051984
88061984
88071984
88081984
88091984
88101984
88111984
88121984
88131984
88141984
88151984
88161984
88171984
88181984
88191984
88201984
88211984
88221984
88231984
88241984
88251984
88261984
88271984
88281984
88291984
88301984
88311984
88321984
88331984
88341984
88351984
88361984
88371984
88381984
88391984
88401984
88411984
88421984
88431984
88441984
88451984
88461984
88471984
88481984
88491984
88501984
88511984
88521984
88531984
88541984
88551984
88561984
88571984
88581984
88591984
88601984
88611984
88621984
88631984
88641984
88651984
88661984
88671984
88681984
88691984
88701984
88711984
88721984
88731984
88741984
88751984
88761984
88771984
88781984
88791984
88801984
88811984
88821984
88831984
88841984
88851984
88861984
88871984
88881984
88891984
88901984
88911984
88921984
88931984
88941984
88951984
88961984
88971984
88981984
88991984
89001984
89011984
89021984
89031984
89041984
89051984
89061984
89071984
89081984
89091984
89101984
89111984
89121984
89131984
89141984
89151984
89161984
89171984
89181984
89191984
89201984
89211984
89221984
89231984
89241984
89251984
89261984
89271984
89281984
89291984
89301984
89311984
89321984
89331984
89341984
89351984
89361984
89371984
89381984
89391984
89401984
89411984
89421984
89431984
89441984
89451984
89461984
89471984
89481984
89491984
89501984
89511984
89521984
89531984
89541984
89551984
89561984
89571984
89581984
89591984
89601984
89611984
89621984
89631984
89641984
89651984
89661984
89671984
89681984
89691984
89701984
89711984
89721984
89731984
89741984
89751984
89761984
89771984
89781984
89791984
89801984
89811984
89821984
89831984
89841984
89851984
89861984
89871984
89881984
89891984
89901984
89911984
89921984
89931984
89941984
89951984
89961984
89971984
89981984
89991984
90001984
90011984
90021984
90031984
90041984
90051984
90061984
90071984
90081984
90091984
90101984
90111984
90121984
90131984
90141984
90151984
90161984
90171984
90181984
90191984
90201984
90211984
90221984
90231984
90241984
90251984
90261984
90271984
90281984
90291984
90301984
90311984
90321984
90331984
90341984
90351984
90361984
90371984
90381984
90391984
90401984
90411984
90421984
90431984
90441984
90451984
90461984
90471984
90481984
90491984
90501984
90511984
90521984
90531984
90541984
90551984
90561984
90571984
90581984
90591984
90601984
90611984
90621984
90631984
90641984
90651984
90661984
90671984
90681984
90691984
90701984
90711984
90721984
90731984
90741984
90751984
90761984
90771984
90781984
90791984
90801984
90811984
90821984
90831984
90841984
90851984
90861984
90871984
90881984
90891984
90901984
90911984
90921984
90931984
90941984
90951984
90961984
90971984
90981984
90991984
91001984
91011984
91021984
91031984
91041984
91051984
91061984
91071984
91081984
91091984
91101984
91111984
91121984
91131984
91141984
91151984
91161984
91171984
91181984
91191984
91201984
91211984
91221984
91231984
91241984
91251984
91261984
91271984
91281984
91291984
91301984
91311984
91321984
91331984
91341984
91351984
91361984
91371984
91381984
91391984
91401984
91411984
91421984
91431984
91441984
91451984
91461984
91471984
91481984
91491984
91501984
91511984
91521984
91531984
91541984
91551984
91561984
91571984
91581984
91591984
91601984
91611984
91621984
91631984
91641984
91651984
91661984
91671984
91681984
91691984
91701984
91711984
91721984
91731984
91741984
91751984
91761984
91771984
91781984
91791984
91801984
91811984
91821984
91831984
91841984
91851984
91861984
91871984
91881984
91891984
91901984
91911984
91921984
91931984
91941984
91951984
91961984
91971984
91981984
91991984
92001984
92011984
92021984
92031984
92041984
92051984
92061984
92071984
92081984
92091984
92101984
92111984
92121984
92131984
92141984
92151984
92161984
92171984
92181984
92191984
92201984
92211984
92221984
92231984
92241984
92251984
92261984
92271984
92281984
92291984
92301984
92311984
92321984
92331984
92341984
92351984
92361984
92371984
92381984
92391984
92401984
92411984
92421984
92431984
92441984
92451984
92461984
92471984
92481984
92491984
92501984
92511984
92521984
92531984
92541984
92551984
92561984
92571984
92581984
92591984
92601984
92611984
92621984
92631984
92641984
92651984
92661984
92671984
92681984
92691984
92701984
92711984
92721984
92731984
92741984
92751984
92761984
92771984
92781984
92791984
92801984
92811984
92821984
92831984
92841984
92851984
92861984
92871984
92881984
92891984
92901984
92911984
92921984
92931984
92941984
92951984
92961984
92971984
92981984
92991984
93001984
93011984
93021984
93031984
93041984
93051984
93061984
93071984
93081984
93091984
93101984
93111984
93121984
93131984
93141984
93151984
93161984
93171984
93181984
93191984
93201984
93211984
93221984
93231984
93241984
93251984
93261984
93271984
93281984
93291984
93301984
93311984
93321984
93331984
93341984
93351984
93361984
93371984
93381984
93391984
93401984
93411984
93421984
93431984
93441984
93451984
93461984
93471984
93481984
93491984
93501984
93511984
93521984
93531984
93541984
93551984
93561984
93571984
93581984
93591984
93601984
93611984
93621984
93631984
93641984
93651984
93661984
93671984
93681984
93691984
93701984
93711984
93721984
93731984
93741984
93751984
93761984
93771984
93781984
93791984
93801984
93811984
93821984
93831984
93841984
93851984
93861984
93871984
93881984
93891984
93901984
93911984
93921984
93931984
93941984
93951984
93961984
93971984
93981984
93991984
94001984
94011984
94021984
94031984
94041984
94051984
94061984
94071984
94081984
94091984
94101984
94111984
94121984
94131984
94141984
94151984
94161984
94171984
94181984
94191984
94201984
94211984
94221984
94231984
94241984
94251984
94261984
94271984
94281984
94291984
94301984
94311984
94321984
94331984
94341984
94351984
94361984
94371984
94381984
94391984
94401984
94411984
94421984
94431984
94441984
94451984
94461984
94471984
94481984
94491984
94501984
94511984
94521984
94531984
94541984
94551984
94561984
94571984
94581984
94591984
94601984
94611984
94621984
94631984
94641984
94651984
94661984
94671984
94681984
94691984
94701984
94711984
94721984
94731984
94741984
94751984
94761984
94771984
94781984
94791984
94801984
94811984
94821984
94831984
94841984
94851984
94861984
94871984
94881984
94891984
94901984
94911984
94921984
94931984
94941984
94951984
94961984
94971984
94981984
94991984
95001984
95011984
95021984
95031984
95041984
95051984
95061984
95071984
95081984
95091984
95101984
95111984
95121984
95131984
95141984
95151984
95161984
95171984
95181984
95191984
95201984
95211984
95221984
95231984
95241984
95251984
95261984
95271984
95281984
95291984
95301984
95311984
95321984
95331984
95341984
95351984
95361984
95371984
95381984
95391984
95401984
95411984
95421984
95431984
95441984
95451984
95461984
95471984
95481984
95491984
95501984
95511984
95521984
95531984
95541984
95551984
95561984
95571984
95581984
95591984
95601984
95611984
95621984
95631984
95641984
95651984
95661984
95671984
95681984
95691984
95701984
95711984
95721984
95731984
95741984
95751984
95761984
95771984
95781984
95791984
95801984
95811984
95821984
95831984
95841984
95851984
95861984
95871984
95881984
95891984
95901984
95911984
95921984
95931984
95941984
95951984
95961984
95971984
95981984
95991984
96001984
96011984
96021984
96031984
96041984
96051984
96061984
96071984
96081984
96091984
96101984
96111984
96121984
96131984
96141984
96151984
96161984
96171984
96181984
96191984
96201984
96211984
96221984
96231984
96241984
96251984
96261984
96271984
96281984
96291984
96301984
96311984
96321984
96331984
96341984
96351984
96361984
96371984
96381984
96391984
96401984
96411984
96421984
96431984
96441984
96451984
96461984
96471984
96481984
96491984
96501984
96511984
96521984
96531984
96541984
96551984
96561984
96571984
96581984
96591984
96601984
96611984
96621984
96631984
96641984
96651984
96661984
96671984
96681984
96691984
96701984
96711984
96721984
96731984
96741984
96751984
96761984
96771984
96781984
96791984
96801984
96811984
96821984
96831984
96841984
96851984
96861984
96871984
96881984
96891984
96901984
96911984
96921984
96931984
96941984
96951984
96961984
96971984
96981984
96991984
97001984
97011984
97021984
97031984
97041984
97051984
97061984
97071984
97081984
97091984
97101984
97111984
97121984
97131984
97141984
97151984
97161984
97171984
97181984
97191984
97201984
97211984
97221984
97231984
97241984
97251984
97261984
97271984
97281984
97291984
97301984
97311984
97321984
97331984
97341984
97351984
97361984
97371984
97381984
97391984
97401984
97411984
97421984
97431984
97441984
97451984
97461984
97471984
97481984
97491984
97501984
97511984
97521984
97531984
97541984
97551984
97561984
97571984
97581984
97591984
97601984
97611984
97621984
97631984
97641984
97651984
97661984
97671984
97681984
97691984
97701984
97711984
97721984
97731984
97741984
97751984
97761984
97771984
97781984
97791984
97801984
97811984
97821984
97831984
97841984
97851984
97861984
97871984
97881984
97891984
97901984
97911984
97921984
97931984
97941984
97951984
97961984
97971984
97981984
97991984
98001984
98011984
98021984
98031984
98041984
98051984
98061984
98071984
98081984
98091984
98101984
98111984
98121984
98131984
98141984
98151984
98161984
98171984
98181984
98191984
98201984
98211984
98221984
98231984
98241984
98251984
98261984
98271984
98281984
98291984
98301984
98311984
98321984
98331984
98341984
98351984
98361984
98371984
98381984
98391984
98401984
98411984
98421984
98431984
98441984
98451984
98461984
98471984
98481984
98491984
98501984
98511984
98521984
98531984
98541984
98551984
98561984
98571984
98581984
98591984
98601984
98611984
98621984
98631984
98641984
98651984
98661984
98671984
98681984
98691984
98701984
98711984
98721984
98731984
98741984
98751984
98761984
98771984
98781984
98791984
98801984
98811984
98821984
98831984
98841984
98851984
98861984
98871984
98881984
98891984
98901984
98911984
98921984
98931984
98941984
98951984
98961984
98971984
98981984
98991984
99001984
99011984
99021984
99031984
99041984
99051984
99061984
99071984
99081984
99091984
99101984
99111984
99121984
99131984
99141984
99151984
99161984
99171984
99181984
99191984
99201984
99211984
99221984
99231984
99241984
99251984
99261984
99271984
99281984
99291984
99301984
99311984
99321984
99331984
99341984
99351984
99361984
99371984
99381984
99391984
99401984
99411984
99421984
99431984
99441984
99451984
99461984
99471984
99481984
99491984
99501984
99511984
99521984
99531984
99541984
99551984
99561984
99571984
99581984
99591984
99601984
99611984
99621984
99631984
99641984
99651984
99661984
99671984
99681984
99691984
99701984
99711984
99721984
99731984
99741984
99751984
99761984
99771984
99781984
99791984
99801984
99811984
99821984
99831984
99841984
99851984
99861984
99871984
99881984
99891984
99901984
99911984
99921984
99931984
99941984
99951984
99961984
99971984
99981984
99991984
