00001986
00011986
00021986
00031986
00041986
00051986
00061986
00071986
00081986
00091986
00101986
00111986
00121986
00131986
00141986
00151986
00161986
00171986
00181986
00191986
00201986
00211986
00221986
00231986
00241986
00251986
00261986
00271986
00281986
00291986
00301986
00311986
00321986
00331986
00341986
00351986
00361986
00371986
00381986
00391986
00401986
00411986
00421986
00431986
00441986
00451986
00461986
00471986
00481986
00491986
00501986
00511986
00521986
00531986
00541986
00551986
00561986
00571986
00581986
00591986
00601986
00611986
00621986
00631986
00641986
00651986
00661986
00671986
00681986
00691986
00701986
00711986
00721986
00731986
00741986
00751986
00761986
00771986
00781986
00791986
00801986
00811986
00821986
00831986
00841986
00851986
00861986
00871986
00881986
00891986
00901986
00911986
00921986
00931986
00941986
00951986
00961986
00971986
00981986
00991986
01001986
01011986
01021986
01031986
01041986
01051986
01061986
01071986
01081986
01091986
01101986
01111986
01121986
01131986
01141986
01151986
01161986
01171986
01181986
01191986
01201986
01211986
01221986
01231986
01241986
01251986
01261986
01271986
01281986
01291986
01301986
01311986
01321986
01331986
01341986
01351986
01361986
01371986
01381986
01391986
01401986
01411986
01421986
01431986
01441986
01451986
01461986
01471986
01481986
01491986
01501986
01511986
01521986
01531986
01541986
01551986
01561986
01571986
01581986
01591986
01601986
01611986
01621986
01631986
01641986
01651986
01661986
01671986
01681986
01691986
01701986
01711986
01721986
01731986
01741986
01751986
01761986
01771986
01781986
01791986
01801986
01811986
01821986
01831986
01841986
01851986
01861986
01871986
01881986
01891986
01901986
01911986
01921986
01931986
01941986
01951986
01961986
01971986
01981986
01991986
02001986
02011986
02021986
02031986
02041986
02051986
02061986
02071986
02081986
02091986
02101986
02111986
02121986
02131986
02141986
02151986
02161986
02171986
02181986
02191986
02201986
02211986
02221986
02231986
02241986
02251986
02261986
02271986
02281986
02291986
02301986
02311986
02321986
02331986
02341986
02351986
02361986
02371986
02381986
02391986
02401986
02411986
02421986
02431986
02441986
02451986
02461986
02471986
02481986
02491986
02501986
02511986
02521986
02531986
02541986
02551986
02561986
02571986
02581986
02591986
02601986
02611986
02621986
02631986
02641986
02651986
02661986
02671986
02681986
02691986
02701986
02711986
02721986
02731986
02741986
02751986
02761986
02771986
02781986
02791986
02801986
02811986
02821986
02831986
02841986
02851986
02861986
02871986
02881986
02891986
02901986
02911986
02921986
02931986
02941986
02951986
02961986
02971986
02981986
02991986
03001986
03011986
03021986
03031986
03041986
03051986
03061986
03071986
03081986
03091986
03101986
03111986
03121986
03131986
03141986
03151986
03161986
03171986
03181986
03191986
03201986
03211986
03221986
03231986
03241986
03251986
03261986
03271986
03281986
03291986
03301986
03311986
03321986
03331986
03341986
03351986
03361986
03371986
03381986
03391986
03401986
03411986
03421986
03431986
03441986
03451986
03461986
03471986
03481986
03491986
03501986
03511986
03521986
03531986
03541986
03551986
03561986
03571986
03581986
03591986
03601986
03611986
03621986
03631986
03641986
03651986
03661986
03671986
03681986
03691986
03701986
03711986
03721986
03731986
03741986
03751986
03761986
03771986
03781986
03791986
03801986
03811986
03821986
03831986
03841986
03851986
03861986
03871986
03881986
03891986
03901986
03911986
03921986
03931986
03941986
03951986
03961986
03971986
03981986
03991986
04001986
04011986
04021986
04031986
04041986
04051986
04061986
04071986
04081986
04091986
04101986
04111986
04121986
04131986
04141986
04151986
04161986
04171986
04181986
04191986
04201986
04211986
04221986
04231986
04241986
04251986
04261986
04271986
04281986
04291986
04301986
04311986
04321986
04331986
04341986
04351986
04361986
04371986
04381986
04391986
04401986
04411986
04421986
04431986
04441986
04451986
04461986
04471986
04481986
04491986
04501986
04511986
04521986
04531986
04541986
04551986
04561986
04571986
04581986
04591986
04601986
04611986
04621986
04631986
04641986
04651986
04661986
04671986
04681986
04691986
04701986
04711986
04721986
04731986
04741986
04751986
04761986
04771986
04781986
04791986
04801986
04811986
04821986
04831986
04841986
04851986
04861986
04871986
04881986
04891986
04901986
04911986
04921986
04931986
04941986
04951986
04961986
04971986
04981986
04991986
05001986
05011986
05021986
05031986
05041986
05051986
05061986
05071986
05081986
05091986
05101986
05111986
05121986
05131986
05141986
05151986
05161986
05171986
05181986
05191986
05201986
05211986
05221986
05231986
05241986
05251986
05261986
05271986
05281986
05291986
05301986
05311986
05321986
05331986
05341986
05351986
05361986
05371986
05381986
05391986
05401986
05411986
05421986
05431986
05441986
05451986
05461986
05471986
05481986
05491986
05501986
05511986
05521986
05531986
05541986
05551986
05561986
05571986
05581986
05591986
05601986
05611986
05621986
05631986
05641986
05651986
05661986
05671986
05681986
05691986
05701986
05711986
05721986
05731986
05741986
05751986
05761986
05771986
05781986
05791986
05801986
05811986
05821986
05831986
05841986
05851986
05861986
05871986
05881986
05891986
05901986
05911986
05921986
05931986
05941986
05951986
05961986
05971986
05981986
05991986
06001986
06011986
06021986
06031986
06041986
06051986
06061986
06071986
06081986
06091986
06101986
06111986
06121986
06131986
06141986
06151986
06161986
06171986
06181986
06191986
06201986
06211986
06221986
06231986
06241986
06251986
06261986
06271986
06281986
06291986
06301986
06311986
06321986
06331986
06341986
06351986
06361986
06371986
06381986
06391986
06401986
06411986
06421986
06431986
06441986
06451986
06461986
06471986
06481986
06491986
06501986
06511986
06521986
06531986
06541986
06551986
06561986
06571986
06581986
06591986
06601986
06611986
06621986
06631986
06641986
06651986
06661986
06671986
06681986
06691986
06701986
06711986
06721986
06731986
06741986
06751986
06761986
06771986
06781986
06791986
06801986
06811986
06821986
06831986
06841986
06851986
06861986
06871986
06881986
06891986
06901986
06911986
06921986
06931986
06941986
06951986
06961986
06971986
06981986
06991986
07001986
07011986
07021986
07031986
07041986
07051986
07061986
07071986
07081986
07091986
07101986
07111986
07121986
07131986
07141986
07151986
07161986
07171986
07181986
07191986
07201986
07211986
07221986
07231986
07241986
07251986
07261986
07271986
07281986
07291986
07301986
07311986
07321986
07331986
07341986
07351986
07361986
07371986
07381986
07391986
07401986
07411986
07421986
07431986
07441986
07451986
07461986
07471986
07481986
07491986
07501986
07511986
07521986
07531986
07541986
07551986
07561986
07571986
07581986
07591986
07601986
07611986
07621986
07631986
07641986
07651986
07661986
07671986
07681986
07691986
07701986
07711986
07721986
07731986
07741986
07751986
07761986
07771986
07781986
07791986
07801986
07811986
07821986
07831986
07841986
07851986
07861986
07871986
07881986
07891986
07901986
07911986
07921986
07931986
07941986
07951986
07961986
07971986
07981986
07991986
08001986
08011986
08021986
08031986
08041986
08051986
08061986
08071986
08081986
08091986
08101986
08111986
08121986
08131986
08141986
08151986
08161986
08171986
08181986
08191986
08201986
08211986
08221986
08231986
08241986
08251986
08261986
08271986
08281986
08291986
08301986
08311986
08321986
08331986
08341986
08351986
08361986
08371986
08381986
08391986
08401986
08411986
08421986
08431986
08441986
08451986
08461986
08471986
08481986
08491986
08501986
08511986
08521986
08531986
08541986
08551986
08561986
08571986
08581986
08591986
08601986
08611986
08621986
08631986
08641986
08651986
08661986
08671986
08681986
08691986
08701986
08711986
08721986
08731986
08741986
08751986
08761986
08771986
08781986
08791986
08801986
08811986
08821986
08831986
08841986
08851986
08861986
08871986
08881986
08891986
08901986
08911986
08921986
08931986
08941986
08951986
08961986
08971986
08981986
08991986
09001986
09011986
09021986
09031986
09041986
09051986
09061986
09071986
09081986
09091986
09101986
09111986
09121986
09131986
09141986
09151986
09161986
09171986
09181986
09191986
09201986
09211986
09221986
09231986
09241986
09251986
09261986
09271986
09281986
09291986
09301986
09311986
09321986
09331986
09341986
09351986
09361986
09371986
09381986
09391986
09401986
09411986
09421986
09431986
09441986
09451986
09461986
09471986
09481986
09491986
09501986
09511986
09521986
09531986
09541986
09551986
09561986
09571986
09581986
09591986
09601986
09611986
09621986
09631986
09641986
09651986
09661986
09671986
09681986
09691986
09701986
09711986
09721986
09731986
09741986
09751986
09761986
09771986
09781986
09791986
09801986
09811986
09821986
09831986
09841986
09851986
09861986
09871986
09881986
09891986
09901986
09911986
09921986
09931986
09941986
09951986
09961986
09971986
09981986
09991986
10001986
10011986
10021986
10031986
10041986
10051986
10061986
10071986
10081986
10091986
10101986
10111986
10121986
10131986
10141986
10151986
10161986
10171986
10181986
10191986
10201986
10211986
10221986
10231986
10241986
10251986
10261986
10271986
10281986
10291986
10301986
10311986
10321986
10331986
10341986
10351986
10361986
10371986
10381986
10391986
10401986
10411986
10421986
10431986
10441986
10451986
10461986
10471986
10481986
10491986
10501986
10511986
10521986
10531986
10541986
10551986
10561986
10571986
10581986
10591986
10601986
10611986
10621986
10631986
10641986
10651986
10661986
10671986
10681986
10691986
10701986
10711986
10721986
10731986
10741986
10751986
10761986
10771986
10781986
10791986
10801986
10811986
10821986
10831986
10841986
10851986
10861986
10871986
10881986
10891986
10901986
10911986
10921986
10931986
10941986
10951986
10961986
10971986
10981986
10991986
11001986
11011986
11021986
11031986
11041986
11051986
11061986
11071986
11081986
11091986
11101986
11111986
11121986
11131986
11141986
11151986
11161986
11171986
11181986
11191986
11201986
11211986
11221986
11231986
11241986
11251986
11261986
11271986
11281986
11291986
11301986
11311986
11321986
11331986
11341986
11351986
11361986
11371986
11381986
11391986
11401986
11411986
11421986
11431986
11441986
11451986
11461986
11471986
11481986
11491986
11501986
11511986
11521986
11531986
11541986
11551986
11561986
11571986
11581986
11591986
11601986
11611986
11621986
11631986
11641986
11651986
11661986
11671986
11681986
11691986
11701986
11711986
11721986
11731986
11741986
11751986
11761986
11771986
11781986
11791986
11801986
11811986
11821986
11831986
11841986
11851986
11861986
11871986
11881986
11891986
11901986
11911986
11921986
11931986
11941986
11951986
11961986
11971986
11981986
11991986
12001986
12011986
12021986
12031986
12041986
12051986
12061986
12071986
12081986
12091986
12101986
12111986
12121986
12131986
12141986
12151986
12161986
12171986
12181986
12191986
12201986
12211986
12221986
12231986
12241986
12251986
12261986
12271986
12281986
12291986
12301986
12311986
12321986
12331986
12341986
12351986
12361986
12371986
12381986
12391986
12401986
12411986
12421986
12431986
12441986
12451986
12461986
12471986
12481986
12491986
12501986
12511986
12521986
12531986
12541986
12551986
12561986
12571986
12581986
12591986
12601986
12611986
12621986
12631986
12641986
12651986
12661986
12671986
12681986
12691986
12701986
12711986
12721986
12731986
12741986
12751986
12761986
12771986
12781986
12791986
12801986
12811986
12821986
12831986
12841986
12851986
12861986
12871986
12881986
12891986
12901986
12911986
12921986
12931986
12941986
12951986
12961986
12971986
12981986
12991986
13001986
13011986
13021986
13031986
13041986
13051986
13061986
13071986
13081986
13091986
13101986
13111986
13121986
13131986
13141986
13151986
13161986
13171986
13181986
13191986
13201986
13211986
13221986
13231986
13241986
13251986
13261986
13271986
13281986
13291986
13301986
13311986
13321986
13331986
13341986
13351986
13361986
13371986
13381986
13391986
13401986
13411986
13421986
13431986
13441986
13451986
13461986
13471986
13481986
13491986
13501986
13511986
13521986
13531986
13541986
13551986
13561986
13571986
13581986
13591986
13601986
13611986
13621986
13631986
13641986
13651986
13661986
13671986
13681986
13691986
13701986
13711986
13721986
13731986
13741986
13751986
13761986
13771986
13781986
13791986
13801986
13811986
13821986
13831986
13841986
13851986
13861986
13871986
13881986
13891986
13901986
13911986
13921986
13931986
13941986
13951986
13961986
13971986
13981986
13991986
14001986
14011986
14021986
14031986
14041986
14051986
14061986
14071986
14081986
14091986
14101986
14111986
14121986
14131986
14141986
14151986
14161986
14171986
14181986
14191986
14201986
14211986
14221986
14231986
14241986
14251986
14261986
14271986
14281986
14291986
14301986
14311986
14321986
14331986
14341986
14351986
14361986
14371986
14381986
14391986
14401986
14411986
14421986
14431986
14441986
14451986
14461986
14471986
14481986
14491986
14501986
14511986
14521986
14531986
14541986
14551986
14561986
14571986
14581986
14591986
14601986
14611986
14621986
14631986
14641986
14651986
14661986
14671986
14681986
14691986
14701986
14711986
14721986
14731986
14741986
14751986
14761986
14771986
14781986
14791986
14801986
14811986
14821986
14831986
14841986
14851986
14861986
14871986
14881986
14891986
14901986
14911986
14921986
14931986
14941986
14951986
14961986
14971986
14981986
14991986
15001986
15011986
15021986
15031986
15041986
15051986
15061986
15071986
15081986
15091986
15101986
15111986
15121986
15131986
15141986
15151986
15161986
15171986
15181986
15191986
15201986
15211986
15221986
15231986
15241986
15251986
15261986
15271986
15281986
15291986
15301986
15311986
15321986
15331986
15341986
15351986
15361986
15371986
15381986
15391986
15401986
15411986
15421986
15431986
15441986
15451986
15461986
15471986
15481986
15491986
15501986
15511986
15521986
15531986
15541986
15551986
15561986
15571986
15581986
15591986
15601986
15611986
15621986
15631986
15641986
15651986
15661986
15671986
15681986
15691986
15701986
15711986
15721986
15731986
15741986
15751986
15761986
15771986
15781986
15791986
15801986
15811986
15821986
15831986
15841986
15851986
15861986
15871986
15881986
15891986
15901986
15911986
15921986
15931986
15941986
15951986
15961986
15971986
15981986
15991986
16001986
16011986
16021986
16031986
16041986
16051986
16061986
16071986
16081986
16091986
16101986
16111986
16121986
16131986
16141986
16151986
16161986
16171986
16181986
16191986
16201986
16211986
16221986
16231986
16241986
16251986
16261986
16271986
16281986
16291986
16301986
16311986
16321986
16331986
16341986
16351986
16361986
16371986
16381986
16391986
16401986
16411986
16421986
16431986
16441986
16451986
16461986
16471986
16481986
16491986
16501986
16511986
16521986
16531986
16541986
16551986
16561986
16571986
16581986
16591986
16601986
16611986
16621986
16631986
16641986
16651986
16661986
16671986
16681986
16691986
16701986
16711986
16721986
16731986
16741986
16751986
16761986
16771986
16781986
16791986
16801986
16811986
16821986
16831986
16841986
16851986
16861986
16871986
16881986
16891986
16901986
16911986
16921986
16931986
16941986
16951986
16961986
16971986
16981986
16991986
17001986
17011986
17021986
17031986
17041986
17051986
17061986
17071986
17081986
17091986
17101986
17111986
17121986
17131986
17141986
17151986
17161986
17171986
17181986
17191986
17201986
17211986
17221986
17231986
17241986
17251986
17261986
17271986
17281986
17291986
17301986
17311986
17321986
17331986
17341986
17351986
17361986
17371986
17381986
17391986
17401986
17411986
17421986
17431986
17441986
17451986
17461986
17471986
17481986
17491986
17501986
17511986
17521986
17531986
17541986
17551986
17561986
17571986
17581986
17591986
17601986
17611986
17621986
17631986
17641986
17651986
17661986
17671986
17681986
17691986
17701986
17711986
17721986
17731986
17741986
17751986
17761986
17771986
17781986
17791986
17801986
17811986
17821986
17831986
17841986
17851986
17861986
17871986
17881986
17891986
17901986
17911986
17921986
17931986
17941986
17951986
17961986
17971986
17981986
17991986
18001986
18011986
18021986
18031986
18041986
18051986
18061986
18071986
18081986
18091986
18101986
18111986
18121986
18131986
18141986
18151986
18161986
18171986
18181986
18191986
18201986
18211986
18221986
18231986
18241986
18251986
18261986
18271986
18281986
18291986
18301986
18311986
18321986
18331986
18341986
18351986
18361986
18371986
18381986
18391986
18401986
18411986
18421986
18431986
18441986
18451986
18461986
18471986
18481986
18491986
18501986
18511986
18521986
18531986
18541986
18551986
18561986
18571986
18581986
18591986
18601986
18611986
18621986
18631986
18641986
18651986
18661986
18671986
18681986
18691986
18701986
18711986
18721986
18731986
18741986
18751986
18761986
18771986
18781986
18791986
18801986
18811986
18821986
18831986
18841986
18851986
18861986
18871986
18881986
18891986
18901986
18911986
18921986
18931986
18941986
18951986
18961986
18971986
18981986
18991986
19001986
19011986
19021986
19031986
19041986
19051986
19061986
19071986
19081986
19091986
19101986
19111986
19121986
19131986
19141986
19151986
19161986
19171986
19181986
19191986
19201986
19211986
19221986
19231986
19241986
19251986
19261986
19271986
19281986
19291986
19301986
19311986
19321986
19331986
19341986
19351986
19361986
19371986
19381986
19391986
19401986
19411986
19421986
19431986
19441986
19451986
19461986
19471986
19481986
19491986
19501986
19511986
19521986
19531986
19541986
19551986
19561986
19571986
19581986
19591986
19601986
19611986
19621986
19631986
19641986
19651986
19661986
19671986
19681986
19691986
19701986
19711986
19721986
19731986
19741986
19751986
19761986
19771986
19781986
19791986
19801986
19811986
19821986
19831986
19841986
19851986
19861986
19871986
19881986
19891986
19901986
19911986
19921986
19931986
19941986
19951986
19961986
19971986
19981986
19991986
20001986
20011986
20021986
20031986
20041986
20051986
20061986
20071986
20081986
20091986
20101986
20111986
20121986
20131986
20141986
20151986
20161986
20171986
20181986
20191986
20201986
20211986
20221986
20231986
20241986
20251986
20261986
20271986
20281986
20291986
20301986
20311986
20321986
20331986
20341986
20351986
20361986
20371986
20381986
20391986
20401986
20411986
20421986
20431986
20441986
20451986
20461986
20471986
20481986
20491986
20501986
20511986
20521986
20531986
20541986
20551986
20561986
20571986
20581986
20591986
20601986
20611986
20621986
20631986
20641986
20651986
20661986
20671986
20681986
20691986
20701986
20711986
20721986
20731986
20741986
20751986
20761986
20771986
20781986
20791986
20801986
20811986
20821986
20831986
20841986
20851986
20861986
20871986
20881986
20891986
20901986
20911986
20921986
20931986
20941986
20951986
20961986
20971986
20981986
20991986
21001986
21011986
21021986
21031986
21041986
21051986
21061986
21071986
21081986
21091986
21101986
21111986
21121986
21131986
21141986
21151986
21161986
21171986
21181986
21191986
21201986
21211986
21221986
21231986
21241986
21251986
21261986
21271986
21281986
21291986
21301986
21311986
21321986
21331986
21341986
21351986
21361986
21371986
21381986
21391986
21401986
21411986
21421986
21431986
21441986
21451986
21461986
21471986
21481986
21491986
21501986
21511986
21521986
21531986
21541986
21551986
21561986
21571986
21581986
21591986
21601986
21611986
21621986
21631986
21641986
21651986
21661986
21671986
21681986
21691986
21701986
21711986
21721986
21731986
21741986
21751986
21761986
21771986
21781986
21791986
21801986
21811986
21821986
21831986
21841986
21851986
21861986
21871986
21881986
21891986
21901986
21911986
21921986
21931986
21941986
21951986
21961986
21971986
21981986
21991986
22001986
22011986
22021986
22031986
22041986
22051986
22061986
22071986
22081986
22091986
22101986
22111986
22121986
22131986
22141986
22151986
22161986
22171986
22181986
22191986
22201986
22211986
22221986
22231986
22241986
22251986
22261986
22271986
22281986
22291986
22301986
22311986
22321986
22331986
22341986
22351986
22361986
22371986
22381986
22391986
22401986
22411986
22421986
22431986
22441986
22451986
22461986
22471986
22481986
22491986
22501986
22511986
22521986
22531986
22541986
22551986
22561986
22571986
22581986
22591986
22601986
22611986
22621986
22631986
22641986
22651986
22661986
22671986
22681986
22691986
22701986
22711986
22721986
22731986
22741986
22751986
22761986
22771986
22781986
22791986
22801986
22811986
22821986
22831986
22841986
22851986
22861986
22871986
22881986
22891986
22901986
22911986
22921986
22931986
22941986
22951986
22961986
22971986
22981986
22991986
23001986
23011986
23021986
23031986
23041986
23051986
23061986
23071986
23081986
23091986
23101986
23111986
23121986
23131986
23141986
23151986
23161986
23171986
23181986
23191986
23201986
23211986
23221986
23231986
23241986
23251986
23261986
23271986
23281986
23291986
23301986
23311986
23321986
23331986
23341986
23351986
23361986
23371986
23381986
23391986
23401986
23411986
23421986
23431986
23441986
23451986
23461986
23471986
23481986
23491986
23501986
23511986
23521986
23531986
23541986
23551986
23561986
23571986
23581986
23591986
23601986
23611986
23621986
23631986
23641986
23651986
23661986
23671986
23681986
23691986
23701986
23711986
23721986
23731986
23741986
23751986
23761986
23771986
23781986
23791986
23801986
23811986
23821986
23831986
23841986
23851986
23861986
23871986
23881986
23891986
23901986
23911986
23921986
23931986
23941986
23951986
23961986
23971986
23981986
23991986
24001986
24011986
24021986
24031986
24041986
24051986
24061986
24071986
24081986
24091986
24101986
24111986
24121986
24131986
24141986
24151986
24161986
24171986
24181986
24191986
24201986
24211986
24221986
24231986
24241986
24251986
24261986
24271986
24281986
24291986
24301986
24311986
24321986
24331986
24341986
24351986
24361986
24371986
24381986
24391986
24401986
24411986
24421986
24431986
24441986
24451986
24461986
24471986
24481986
24491986
24501986
24511986
24521986
24531986
24541986
24551986
24561986
24571986
24581986
24591986
24601986
24611986
24621986
24631986
24641986
24651986
24661986
24671986
24681986
24691986
24701986
24711986
24721986
24731986
24741986
24751986
24761986
24771986
24781986
24791986
24801986
24811986
24821986
24831986
24841986
24851986
24861986
24871986
24881986
24891986
24901986
24911986
24921986
24931986
24941986
24951986
24961986
24971986
24981986
24991986
25001986
25011986
25021986
25031986
25041986
25051986
25061986
25071986
25081986
25091986
25101986
25111986
25121986
25131986
25141986
25151986
25161986
25171986
25181986
25191986
25201986
25211986
25221986
25231986
25241986
25251986
25261986
25271986
25281986
25291986
25301986
25311986
25321986
25331986
25341986
25351986
25361986
25371986
25381986
25391986
25401986
25411986
25421986
25431986
25441986
25451986
25461986
25471986
25481986
25491986
25501986
25511986
25521986
25531986
25541986
25551986
25561986
25571986
25581986
25591986
25601986
25611986
25621986
25631986
25641986
25651986
25661986
25671986
25681986
25691986
25701986
25711986
25721986
25731986
25741986
25751986
25761986
25771986
25781986
25791986
25801986
25811986
25821986
25831986
25841986
25851986
25861986
25871986
25881986
25891986
25901986
25911986
25921986
25931986
25941986
25951986
25961986
25971986
25981986
25991986
26001986
26011986
26021986
26031986
26041986
26051986
26061986
26071986
26081986
26091986
26101986
26111986
26121986
26131986
26141986
26151986
26161986
26171986
26181986
26191986
26201986
26211986
26221986
26231986
26241986
26251986
26261986
26271986
26281986
26291986
26301986
26311986
26321986
26331986
26341986
26351986
26361986
26371986
26381986
26391986
26401986
26411986
26421986
26431986
26441986
26451986
26461986
26471986
26481986
26491986
26501986
26511986
26521986
26531986
26541986
26551986
26561986
26571986
26581986
26591986
26601986
26611986
26621986
26631986
26641986
26651986
26661986
26671986
26681986
26691986
26701986
26711986
26721986
26731986
26741986
26751986
26761986
26771986
26781986
26791986
26801986
26811986
26821986
26831986
26841986
26851986
26861986
26871986
26881986
26891986
26901986
26911986
26921986
26931986
26941986
26951986
26961986
26971986
26981986
26991986
27001986
27011986
27021986
27031986
27041986
27051986
27061986
27071986
27081986
27091986
27101986
27111986
27121986
27131986
27141986
27151986
27161986
27171986
27181986
27191986
27201986
27211986
27221986
27231986
27241986
27251986
27261986
27271986
27281986
27291986
27301986
27311986
27321986
27331986
27341986
27351986
27361986
27371986
27381986
27391986
27401986
27411986
27421986
27431986
27441986
27451986
27461986
27471986
27481986
27491986
27501986
27511986
27521986
27531986
27541986
27551986
27561986
27571986
27581986
27591986
27601986
27611986
27621986
27631986
27641986
27651986
27661986
27671986
27681986
27691986
27701986
27711986
27721986
27731986
27741986
27751986
27761986
27771986
27781986
27791986
27801986
27811986
27821986
27831986
27841986
27851986
27861986
27871986
27881986
27891986
27901986
27911986
27921986
27931986
27941986
27951986
27961986
27971986
27981986
27991986
28001986
28011986
28021986
28031986
28041986
28051986
28061986
28071986
28081986
28091986
28101986
28111986
28121986
28131986
28141986
28151986
28161986
28171986
28181986
28191986
28201986
28211986
28221986
28231986
28241986
28251986
28261986
28271986
28281986
28291986
28301986
28311986
28321986
28331986
28341986
28351986
28361986
28371986
28381986
28391986
28401986
28411986
28421986
28431986
28441986
28451986
28461986
28471986
28481986
28491986
28501986
28511986
28521986
28531986
28541986
28551986
28561986
28571986
28581986
28591986
28601986
28611986
28621986
28631986
28641986
28651986
28661986
28671986
28681986
28691986
28701986
28711986
28721986
28731986
28741986
28751986
28761986
28771986
28781986
28791986
28801986
28811986
28821986
28831986
28841986
28851986
28861986
28871986
28881986
28891986
28901986
28911986
28921986
28931986
28941986
28951986
28961986
28971986
28981986
28991986
29001986
29011986
29021986
29031986
29041986
29051986
29061986
29071986
29081986
29091986
29101986
29111986
29121986
29131986
29141986
29151986
29161986
29171986
29181986
29191986
29201986
29211986
29221986
29231986
29241986
29251986
29261986
29271986
29281986
29291986
29301986
29311986
29321986
29331986
29341986
29351986
29361986
29371986
29381986
29391986
29401986
29411986
29421986
29431986
29441986
29451986
29461986
29471986
29481986
29491986
29501986
29511986
29521986
29531986
29541986
29551986
29561986
29571986
29581986
29591986
29601986
29611986
29621986
29631986
29641986
29651986
29661986
29671986
29681986
29691986
29701986
29711986
29721986
29731986
29741986
29751986
29761986
29771986
29781986
29791986
29801986
29811986
29821986
29831986
29841986
29851986
29861986
29871986
29881986
29891986
29901986
29911986
29921986
29931986
29941986
29951986
29961986
29971986
29981986
29991986
30001986
30011986
30021986
30031986
30041986
30051986
30061986
30071986
30081986
30091986
30101986
30111986
30121986
30131986
30141986
30151986
30161986
30171986
30181986
30191986
30201986
30211986
30221986
30231986
30241986
30251986
30261986
30271986
30281986
30291986
30301986
30311986
30321986
30331986
30341986
30351986
30361986
30371986
30381986
30391986
30401986
30411986
30421986
30431986
30441986
30451986
30461986
30471986
30481986
30491986
30501986
30511986
30521986
30531986
30541986
30551986
30561986
30571986
30581986
30591986
30601986
30611986
30621986
30631986
30641986
30651986
30661986
30671986
30681986
30691986
30701986
30711986
30721986
30731986
30741986
30751986
30761986
30771986
30781986
30791986
30801986
30811986
30821986
30831986
30841986
30851986
30861986
30871986
30881986
30891986
30901986
30911986
30921986
30931986
30941986
30951986
30961986
30971986
30981986
30991986
31001986
31011986
31021986
31031986
31041986
31051986
31061986
31071986
31081986
31091986
31101986
31111986
31121986
31131986
31141986
31151986
31161986
31171986
31181986
31191986
31201986
31211986
31221986
31231986
31241986
31251986
31261986
31271986
31281986
31291986
31301986
31311986
31321986
31331986
31341986
31351986
31361986
31371986
31381986
31391986
31401986
31411986
31421986
31431986
31441986
31451986
31461986
31471986
31481986
31491986
31501986
31511986
31521986
31531986
31541986
31551986
31561986
31571986
31581986
31591986
31601986
31611986
31621986
31631986
31641986
31651986
31661986
31671986
31681986
31691986
31701986
31711986
31721986
31731986
31741986
31751986
31761986
31771986
31781986
31791986
31801986
31811986
31821986
31831986
31841986
31851986
31861986
31871986
31881986
31891986
31901986
31911986
31921986
31931986
31941986
31951986
31961986
31971986
31981986
31991986
32001986
32011986
32021986
32031986
32041986
32051986
32061986
32071986
32081986
32091986
32101986
32111986
32121986
32131986
32141986
32151986
32161986
32171986
32181986
32191986
32201986
32211986
32221986
32231986
32241986
32251986
32261986
32271986
32281986
32291986
32301986
32311986
32321986
32331986
32341986
32351986
32361986
32371986
32381986
32391986
32401986
32411986
32421986
32431986
32441986
32451986
32461986
32471986
32481986
32491986
32501986
32511986
32521986
32531986
32541986
32551986
32561986
32571986
32581986
32591986
32601986
32611986
32621986
32631986
32641986
32651986
32661986
32671986
32681986
32691986
32701986
32711986
32721986
32731986
32741986
32751986
32761986
32771986
32781986
32791986
32801986
32811986
32821986
32831986
32841986
32851986
32861986
32871986
32881986
32891986
32901986
32911986
32921986
32931986
32941986
32951986
32961986
32971986
32981986
32991986
33001986
33011986
33021986
33031986
33041986
33051986
33061986
33071986
33081986
33091986
33101986
33111986
33121986
33131986
33141986
33151986
33161986
33171986
33181986
33191986
33201986
33211986
33221986
33231986
33241986
33251986
33261986
33271986
33281986
33291986
33301986
33311986
33321986
33331986
33341986
33351986
33361986
33371986
33381986
33391986
33401986
33411986
33421986
33431986
33441986
33451986
33461986
33471986
33481986
33491986
33501986
33511986
33521986
33531986
33541986
33551986
33561986
33571986
33581986
33591986
33601986
33611986
33621986
33631986
33641986
33651986
33661986
33671986
33681986
33691986
33701986
33711986
33721986
33731986
33741986
33751986
33761986
33771986
33781986
33791986
33801986
33811986
33821986
33831986
33841986
33851986
33861986
33871986
33881986
33891986
33901986
33911986
33921986
33931986
33941986
33951986
33961986
33971986
33981986
33991986
34001986
34011986
34021986
34031986
34041986
34051986
34061986
34071986
34081986
34091986
34101986
34111986
34121986
34131986
34141986
34151986
34161986
34171986
34181986
34191986
34201986
34211986
34221986
34231986
34241986
34251986
34261986
34271986
34281986
34291986
34301986
34311986
34321986
34331986
34341986
34351986
34361986
34371986
34381986
34391986
34401986
34411986
34421986
34431986
34441986
34451986
34461986
34471986
34481986
34491986
34501986
34511986
34521986
34531986
34541986
34551986
34561986
34571986
34581986
34591986
34601986
34611986
34621986
34631986
34641986
34651986
34661986
34671986
34681986
34691986
34701986
34711986
34721986
34731986
34741986
34751986
34761986
34771986
34781986
34791986
34801986
34811986
34821986
34831986
34841986
34851986
34861986
34871986
34881986
34891986
34901986
34911986
34921986
34931986
34941986
34951986
34961986
34971986
34981986
34991986
35001986
35011986
35021986
35031986
35041986
35051986
35061986
35071986
35081986
35091986
35101986
35111986
35121986
35131986
35141986
35151986
35161986
35171986
35181986
35191986
35201986
35211986
35221986
35231986
35241986
35251986
35261986
35271986
35281986
35291986
35301986
35311986
35321986
35331986
35341986
35351986
35361986
35371986
35381986
35391986
35401986
35411986
35421986
35431986
35441986
35451986
35461986
35471986
35481986
35491986
35501986
35511986
35521986
35531986
35541986
35551986
35561986
35571986
35581986
35591986
35601986
35611986
35621986
35631986
35641986
35651986
35661986
35671986
35681986
35691986
35701986
35711986
35721986
35731986
35741986
35751986
35761986
35771986
35781986
35791986
35801986
35811986
35821986
35831986
35841986
35851986
35861986
35871986
35881986
35891986
35901986
35911986
35921986
35931986
35941986
35951986
35961986
35971986
35981986
35991986
36001986
36011986
36021986
36031986
36041986
36051986
36061986
36071986
36081986
36091986
36101986
36111986
36121986
36131986
36141986
36151986
36161986
36171986
36181986
36191986
36201986
36211986
36221986
36231986
36241986
36251986
36261986
36271986
36281986
36291986
36301986
36311986
36321986
36331986
36341986
36351986
36361986
36371986
36381986
36391986
36401986
36411986
36421986
36431986
36441986
36451986
36461986
36471986
36481986
36491986
36501986
36511986
36521986
36531986
36541986
36551986
36561986
36571986
36581986
36591986
36601986
36611986
36621986
36631986
36641986
36651986
36661986
36671986
36681986
36691986
36701986
36711986
36721986
36731986
36741986
36751986
36761986
36771986
36781986
36791986
36801986
36811986
36821986
36831986
36841986
36851986
36861986
36871986
36881986
36891986
36901986
36911986
36921986
36931986
36941986
36951986
36961986
36971986
36981986
36991986
37001986
37011986
37021986
37031986
37041986
37051986
37061986
37071986
37081986
37091986
37101986
37111986
37121986
37131986
37141986
37151986
37161986
37171986
37181986
37191986
37201986
37211986
37221986
37231986
37241986
37251986
37261986
37271986
37281986
37291986
37301986
37311986
37321986
37331986
37341986
37351986
37361986
37371986
37381986
37391986
37401986
37411986
37421986
37431986
37441986
37451986
37461986
37471986
37481986
37491986
37501986
37511986
37521986
37531986
37541986
37551986
37561986
37571986
37581986
37591986
37601986
37611986
37621986
37631986
37641986
37651986
37661986
37671986
37681986
37691986
37701986
37711986
37721986
37731986
37741986
37751986
37761986
37771986
37781986
37791986
37801986
37811986
37821986
37831986
37841986
37851986
37861986
37871986
37881986
37891986
37901986
37911986
37921986
37931986
37941986
37951986
37961986
37971986
37981986
37991986
38001986
38011986
38021986
38031986
38041986
38051986
38061986
38071986
38081986
38091986
38101986
38111986
38121986
38131986
38141986
38151986
38161986
38171986
38181986
38191986
38201986
38211986
38221986
38231986
38241986
38251986
38261986
38271986
38281986
38291986
38301986
38311986
38321986
38331986
38341986
38351986
38361986
38371986
38381986
38391986
38401986
38411986
38421986
38431986
38441986
38451986
38461986
38471986
38481986
38491986
38501986
38511986
38521986
38531986
38541986
38551986
38561986
38571986
38581986
38591986
38601986
38611986
38621986
38631986
38641986
38651986
38661986
38671986
38681986
38691986
38701986
38711986
38721986
38731986
38741986
38751986
38761986
38771986
38781986
38791986
38801986
38811986
38821986
38831986
38841986
38851986
38861986
38871986
38881986
38891986
38901986
38911986
38921986
38931986
38941986
38951986
38961986
38971986
38981986
38991986
39001986
39011986
39021986
39031986
39041986
39051986
39061986
39071986
39081986
39091986
39101986
39111986
39121986
39131986
39141986
39151986
39161986
39171986
39181986
39191986
39201986
39211986
39221986
39231986
39241986
39251986
39261986
39271986
39281986
39291986
39301986
39311986
39321986
39331986
39341986
39351986
39361986
39371986
39381986
39391986
39401986
39411986
39421986
39431986
39441986
39451986
39461986
39471986
39481986
39491986
39501986
39511986
39521986
39531986
39541986
39551986
39561986
39571986
39581986
39591986
39601986
39611986
39621986
39631986
39641986
39651986
39661986
39671986
39681986
39691986
39701986
39711986
39721986
39731986
39741986
39751986
39761986
39771986
39781986
39791986
39801986
39811986
39821986
39831986
39841986
39851986
39861986
39871986
39881986
39891986
39901986
39911986
39921986
39931986
39941986
39951986
39961986
39971986
39981986
39991986
40001986
40011986
40021986
40031986
40041986
40051986
40061986
40071986
40081986
40091986
40101986
40111986
40121986
40131986
40141986
40151986
40161986
40171986
40181986
40191986
40201986
40211986
40221986
40231986
40241986
40251986
40261986
40271986
40281986
40291986
40301986
40311986
40321986
40331986
40341986
40351986
40361986
40371986
40381986
40391986
40401986
40411986
40421986
40431986
40441986
40451986
40461986
40471986
40481986
40491986
40501986
40511986
40521986
40531986
40541986
40551986
40561986
40571986
40581986
40591986
40601986
40611986
40621986
40631986
40641986
40651986
40661986
40671986
40681986
40691986
40701986
40711986
40721986
40731986
40741986
40751986
40761986
40771986
40781986
40791986
40801986
40811986
40821986
40831986
40841986
40851986
40861986
40871986
40881986
40891986
40901986
40911986
40921986
40931986
40941986
40951986
40961986
40971986
40981986
40991986
41001986
41011986
41021986
41031986
41041986
41051986
41061986
41071986
41081986
41091986
41101986
41111986
41121986
41131986
41141986
41151986
41161986
41171986
41181986
41191986
41201986
41211986
41221986
41231986
41241986
41251986
41261986
41271986
41281986
41291986
41301986
41311986
41321986
41331986
41341986
41351986
41361986
41371986
41381986
41391986
41401986
41411986
41421986
41431986
41441986
41451986
41461986
41471986
41481986
41491986
41501986
41511986
41521986
41531986
41541986
41551986
41561986
41571986
41581986
41591986
41601986
41611986
41621986
41631986
41641986
41651986
41661986
41671986
41681986
41691986
41701986
41711986
41721986
41731986
41741986
41751986
41761986
41771986
41781986
41791986
41801986
41811986
41821986
41831986
41841986
41851986
41861986
41871986
41881986
41891986
41901986
41911986
41921986
41931986
41941986
41951986
41961986
41971986
41981986
41991986
42001986
42011986
42021986
42031986
42041986
42051986
42061986
42071986
42081986
42091986
42101986
42111986
42121986
42131986
42141986
42151986
42161986
42171986
42181986
42191986
42201986
42211986
42221986
42231986
42241986
42251986
42261986
42271986
42281986
42291986
42301986
42311986
42321986
42331986
42341986
42351986
42361986
42371986
42381986
42391986
42401986
42411986
42421986
42431986
42441986
42451986
42461986
42471986
42481986
42491986
42501986
42511986
42521986
42531986
42541986
42551986
42561986
42571986
42581986
42591986
42601986
42611986
42621986
42631986
42641986
42651986
42661986
42671986
42681986
42691986
42701986
42711986
42721986
42731986
42741986
42751986
42761986
42771986
42781986
42791986
42801986
42811986
42821986
42831986
42841986
42851986
42861986
42871986
42881986
42891986
42901986
42911986
42921986
42931986
42941986
42951986
42961986
42971986
42981986
42991986
43001986
43011986
43021986
43031986
43041986
43051986
43061986
43071986
43081986
43091986
43101986
43111986
43121986
43131986
43141986
43151986
43161986
43171986
43181986
43191986
43201986
43211986
43221986
43231986
43241986
43251986
43261986
43271986
43281986
43291986
43301986
43311986
43321986
43331986
43341986
43351986
43361986
43371986
43381986
43391986
43401986
43411986
43421986
43431986
43441986
43451986
43461986
43471986
43481986
43491986
43501986
43511986
43521986
43531986
43541986
43551986
43561986
43571986
43581986
43591986
43601986
43611986
43621986
43631986
43641986
43651986
43661986
43671986
43681986
43691986
43701986
43711986
43721986
43731986
43741986
43751986
43761986
43771986
43781986
43791986
43801986
43811986
43821986
43831986
43841986
43851986
43861986
43871986
43881986
43891986
43901986
43911986
43921986
43931986
43941986
43951986
43961986
43971986
43981986
43991986
44001986
44011986
44021986
44031986
44041986
44051986
44061986
44071986
44081986
44091986
44101986
44111986
44121986
44131986
44141986
44151986
44161986
44171986
44181986
44191986
44201986
44211986
44221986
44231986
44241986
44251986
44261986
44271986
44281986
44291986
44301986
44311986
44321986
44331986
44341986
44351986
44361986
44371986
44381986
44391986
44401986
44411986
44421986
44431986
44441986
44451986
44461986
44471986
44481986
44491986
44501986
44511986
44521986
44531986
44541986
44551986
44561986
44571986
44581986
44591986
44601986
44611986
44621986
44631986
44641986
44651986
44661986
44671986
44681986
44691986
44701986
44711986
44721986
44731986
44741986
44751986
44761986
44771986
44781986
44791986
44801986
44811986
44821986
44831986
44841986
44851986
44861986
44871986
44881986
44891986
44901986
44911986
44921986
44931986
44941986
44951986
44961986
44971986
44981986
44991986
45001986
45011986
45021986
45031986
45041986
45051986
45061986
45071986
45081986
45091986
45101986
45111986
45121986
45131986
45141986
45151986
45161986
45171986
45181986
45191986
45201986
45211986
45221986
45231986
45241986
45251986
45261986
45271986
45281986
45291986
45301986
45311986
45321986
45331986
45341986
45351986
45361986
45371986
45381986
45391986
45401986
45411986
45421986
45431986
45441986
45451986
45461986
45471986
45481986
45491986
45501986
45511986
45521986
45531986
45541986
45551986
45561986
45571986
45581986
45591986
45601986
45611986
45621986
45631986
45641986
45651986
45661986
45671986
45681986
45691986
45701986
45711986
45721986
45731986
45741986
45751986
45761986
45771986
45781986
45791986
45801986
45811986
45821986
45831986
45841986
45851986
45861986
45871986
45881986
45891986
45901986
45911986
45921986
45931986
45941986
45951986
45961986
45971986
45981986
45991986
46001986
46011986
46021986
46031986
46041986
46051986
46061986
46071986
46081986
46091986
46101986
46111986
46121986
46131986
46141986
46151986
46161986
46171986
46181986
46191986
46201986
46211986
46221986
46231986
46241986
46251986
46261986
46271986
46281986
46291986
46301986
46311986
46321986
46331986
46341986
46351986
46361986
46371986
46381986
46391986
46401986
46411986
46421986
46431986
46441986
46451986
46461986
46471986
46481986
46491986
46501986
46511986
46521986
46531986
46541986
46551986
46561986
46571986
46581986
46591986
46601986
46611986
46621986
46631986
46641986
46651986
46661986
46671986
46681986
46691986
46701986
46711986
46721986
46731986
46741986
46751986
46761986
46771986
46781986
46791986
46801986
46811986
46821986
46831986
46841986
46851986
46861986
46871986
46881986
46891986
46901986
46911986
46921986
46931986
46941986
46951986
46961986
46971986
46981986
46991986
47001986
47011986
47021986
47031986
47041986
47051986
47061986
47071986
47081986
47091986
47101986
47111986
47121986
47131986
47141986
47151986
47161986
47171986
47181986
47191986
47201986
47211986
47221986
47231986
47241986
47251986
47261986
47271986
47281986
47291986
47301986
47311986
47321986
47331986
47341986
47351986
47361986
47371986
47381986
47391986
47401986
47411986
47421986
47431986
47441986
47451986
47461986
47471986
47481986
47491986
47501986
47511986
47521986
47531986
47541986
47551986
47561986
47571986
47581986
47591986
47601986
47611986
47621986
47631986
47641986
47651986
47661986
47671986
47681986
47691986
47701986
47711986
47721986
47731986
47741986
47751986
47761986
47771986
47781986
47791986
47801986
47811986
47821986
47831986
47841986
47851986
47861986
47871986
47881986
47891986
47901986
47911986
47921986
47931986
47941986
47951986
47961986
47971986
47981986
47991986
48001986
48011986
48021986
48031986
48041986
48051986
48061986
48071986
48081986
48091986
48101986
48111986
48121986
48131986
48141986
48151986
48161986
48171986
48181986
48191986
48201986
48211986
48221986
48231986
48241986
48251986
48261986
48271986
48281986
48291986
48301986
48311986
48321986
48331986
48341986
48351986
48361986
48371986
48381986
48391986
48401986
48411986
48421986
48431986
48441986
48451986
48461986
48471986
48481986
48491986
48501986
48511986
48521986
48531986
48541986
48551986
48561986
48571986
48581986
48591986
48601986
48611986
48621986
48631986
48641986
48651986
48661986
48671986
48681986
48691986
48701986
48711986
48721986
48731986
48741986
48751986
48761986
48771986
48781986
48791986
48801986
48811986
48821986
48831986
48841986
48851986
48861986
48871986
48881986
48891986
48901986
48911986
48921986
48931986
48941986
48951986
48961986
48971986
48981986
48991986
49001986
49011986
49021986
49031986
49041986
49051986
49061986
49071986
49081986
49091986
49101986
49111986
49121986
49131986
49141986
49151986
49161986
49171986
49181986
49191986
49201986
49211986
49221986
49231986
49241986
49251986
49261986
49271986
49281986
49291986
49301986
49311986
49321986
49331986
49341986
49351986
49361986
49371986
49381986
49391986
49401986
49411986
49421986
49431986
49441986
49451986
49461986
49471986
49481986
49491986
49501986
49511986
49521986
49531986
49541986
49551986
49561986
49571986
49581986
49591986
49601986
49611986
49621986
49631986
49641986
49651986
49661986
49671986
49681986
49691986
49701986
49711986
49721986
49731986
49741986
49751986
49761986
49771986
49781986
49791986
49801986
49811986
49821986
49831986
49841986
49851986
49861986
49871986
49881986
49891986
49901986
49911986
49921986
49931986
49941986
49951986
49961986
49971986
49981986
49991986
50001986
50011986
50021986
50031986
50041986
50051986
50061986
50071986
50081986
50091986
50101986
50111986
50121986
50131986
50141986
50151986
50161986
50171986
50181986
50191986
50201986
50211986
50221986
50231986
50241986
50251986
50261986
50271986
50281986
50291986
50301986
50311986
50321986
50331986
50341986
50351986
50361986
50371986
50381986
50391986
50401986
50411986
50421986
50431986
50441986
50451986
50461986
50471986
50481986
50491986
50501986
50511986
50521986
50531986
50541986
50551986
50561986
50571986
50581986
50591986
50601986
50611986
50621986
50631986
50641986
50651986
50661986
50671986
50681986
50691986
50701986
50711986
50721986
50731986
50741986
50751986
50761986
50771986
50781986
50791986
50801986
50811986
50821986
50831986
50841986
50851986
50861986
50871986
50881986
50891986
50901986
50911986
50921986
50931986
50941986
50951986
50961986
50971986
50981986
50991986
51001986
51011986
51021986
51031986
51041986
51051986
51061986
51071986
51081986
51091986
51101986
51111986
51121986
51131986
51141986
51151986
51161986
51171986
51181986
51191986
51201986
51211986
51221986
51231986
51241986
51251986
51261986
51271986
51281986
51291986
51301986
51311986
51321986
51331986
51341986
51351986
51361986
51371986
51381986
51391986
51401986
51411986
51421986
51431986
51441986
51451986
51461986
51471986
51481986
51491986
51501986
51511986
51521986
51531986
51541986
51551986
51561986
51571986
51581986
51591986
51601986
51611986
51621986
51631986
51641986
51651986
51661986
51671986
51681986
51691986
51701986
51711986
51721986
51731986
51741986
51751986
51761986
51771986
51781986
51791986
51801986
51811986
51821986
51831986
51841986
51851986
51861986
51871986
51881986
51891986
51901986
51911986
51921986
51931986
51941986
51951986
51961986
51971986
51981986
51991986
52001986
52011986
52021986
52031986
52041986
52051986
52061986
52071986
52081986
52091986
52101986
52111986
52121986
52131986
52141986
52151986
52161986
52171986
52181986
52191986
52201986
52211986
52221986
52231986
52241986
52251986
52261986
52271986
52281986
52291986
52301986
52311986
52321986
52331986
52341986
52351986
52361986
52371986
52381986
52391986
52401986
52411986
52421986
52431986
52441986
52451986
52461986
52471986
52481986
52491986
52501986
52511986
52521986
52531986
52541986
52551986
52561986
52571986
52581986
52591986
52601986
52611986
52621986
52631986
52641986
52651986
52661986
52671986
52681986
52691986
52701986
52711986
52721986
52731986
52741986
52751986
52761986
52771986
52781986
52791986
52801986
52811986
52821986
52831986
52841986
52851986
52861986
52871986
52881986
52891986
52901986
52911986
52921986
52931986
52941986
52951986
52961986
52971986
52981986
52991986
53001986
53011986
53021986
53031986
53041986
53051986
53061986
53071986
53081986
53091986
53101986
53111986
53121986
53131986
53141986
53151986
53161986
53171986
53181986
53191986
53201986
53211986
53221986
53231986
53241986
53251986
53261986
53271986
53281986
53291986
53301986
53311986
53321986
53331986
53341986
53351986
53361986
53371986
53381986
53391986
53401986
53411986
53421986
53431986
53441986
53451986
53461986
53471986
53481986
53491986
53501986
53511986
53521986
53531986
53541986
53551986
53561986
53571986
53581986
53591986
53601986
53611986
53621986
53631986
53641986
53651986
53661986
53671986
53681986
53691986
53701986
53711986
53721986
53731986
53741986
53751986
53761986
53771986
53781986
53791986
53801986
53811986
53821986
53831986
53841986
53851986
53861986
53871986
53881986
53891986
53901986
53911986
53921986
53931986
53941986
53951986
53961986
53971986
53981986
53991986
54001986
54011986
54021986
54031986
54041986
54051986
54061986
54071986
54081986
54091986
54101986
54111986
54121986
54131986
54141986
54151986
54161986
54171986
54181986
54191986
54201986
54211986
54221986
54231986
54241986
54251986
54261986
54271986
54281986
54291986
54301986
54311986
54321986
54331986
54341986
54351986
54361986
54371986
54381986
54391986
54401986
54411986
54421986
54431986
54441986
54451986
54461986
54471986
54481986
54491986
54501986
54511986
54521986
54531986
54541986
54551986
54561986
54571986
54581986
54591986
54601986
54611986
54621986
54631986
54641986
54651986
54661986
54671986
54681986
54691986
54701986
54711986
54721986
54731986
54741986
54751986
54761986
54771986
54781986
54791986
54801986
54811986
54821986
54831986
54841986
54851986
54861986
54871986
54881986
54891986
54901986
54911986
54921986
54931986
54941986
54951986
54961986
54971986
54981986
54991986
55001986
55011986
55021986
55031986
55041986
55051986
55061986
55071986
55081986
55091986
55101986
55111986
55121986
55131986
55141986
55151986
55161986
55171986
55181986
55191986
55201986
55211986
55221986
55231986
55241986
55251986
55261986
55271986
55281986
55291986
55301986
55311986
55321986
55331986
55341986
55351986
55361986
55371986
55381986
55391986
55401986
55411986
55421986
55431986
55441986
55451986
55461986
55471986
55481986
55491986
55501986
55511986
55521986
55531986
55541986
55551986
55561986
55571986
55581986
55591986
55601986
55611986
55621986
55631986
55641986
55651986
55661986
55671986
55681986
55691986
55701986
55711986
55721986
55731986
55741986
55751986
55761986
55771986
55781986
55791986
55801986
55811986
55821986
55831986
55841986
55851986
55861986
55871986
55881986
55891986
55901986
55911986
55921986
55931986
55941986
55951986
55961986
55971986
55981986
55991986
56001986
56011986
56021986
56031986
56041986
56051986
56061986
56071986
56081986
56091986
56101986
56111986
56121986
56131986
56141986
56151986
56161986
56171986
56181986
56191986
56201986
56211986
56221986
56231986
56241986
56251986
56261986
56271986
56281986
56291986
56301986
56311986
56321986
56331986
56341986
56351986
56361986
56371986
56381986
56391986
56401986
56411986
56421986
56431986
56441986
56451986
56461986
56471986
56481986
56491986
56501986
56511986
56521986
56531986
56541986
56551986
56561986
56571986
56581986
56591986
56601986
56611986
56621986
56631986
56641986
56651986
56661986
56671986
56681986
56691986
56701986
56711986
56721986
56731986
56741986
56751986
56761986
56771986
56781986
56791986
56801986
56811986
56821986
56831986
56841986
56851986
56861986
56871986
56881986
56891986
56901986
56911986
56921986
56931986
56941986
56951986
56961986
56971986
56981986
56991986
57001986
57011986
57021986
57031986
57041986
57051986
57061986
57071986
57081986
57091986
57101986
57111986
57121986
57131986
57141986
57151986
57161986
57171986
57181986
57191986
57201986
57211986
57221986
57231986
57241986
57251986
57261986
57271986
57281986
57291986
57301986
57311986
57321986
57331986
57341986
57351986
57361986
57371986
57381986
57391986
57401986
57411986
57421986
57431986
57441986
57451986
57461986
57471986
57481986
57491986
57501986
57511986
57521986
57531986
57541986
57551986
57561986
57571986
57581986
57591986
57601986
57611986
57621986
57631986
57641986
57651986
57661986
57671986
57681986
57691986
57701986
57711986
57721986
57731986
57741986
57751986
57761986
57771986
57781986
57791986
57801986
57811986
57821986
57831986
57841986
57851986
57861986
57871986
57881986
57891986
57901986
57911986
57921986
57931986
57941986
57951986
57961986
57971986
57981986
57991986
58001986
58011986
58021986
58031986
58041986
58051986
58061986
58071986
58081986
58091986
58101986
58111986
58121986
58131986
58141986
58151986
58161986
58171986
58181986
58191986
58201986
58211986
58221986
58231986
58241986
58251986
58261986
58271986
58281986
58291986
58301986
58311986
58321986
58331986
58341986
58351986
58361986
58371986
58381986
58391986
58401986
58411986
58421986
58431986
58441986
58451986
58461986
58471986
58481986
58491986
58501986
58511986
58521986
58531986
58541986
58551986
58561986
58571986
58581986
58591986
58601986
58611986
58621986
58631986
58641986
58651986
58661986
58671986
58681986
58691986
58701986
58711986
58721986
58731986
58741986
58751986
58761986
58771986
58781986
58791986
58801986
58811986
58821986
58831986
58841986
58851986
58861986
58871986
58881986
58891986
58901986
58911986
58921986
58931986
58941986
58951986
58961986
58971986
58981986
58991986
59001986
59011986
59021986
59031986
59041986
59051986
59061986
59071986
59081986
59091986
59101986
59111986
59121986
59131986
59141986
59151986
59161986
59171986
59181986
59191986
59201986
59211986
59221986
59231986
59241986
59251986
59261986
59271986
59281986
59291986
59301986
59311986
59321986
59331986
59341986
59351986
59361986
59371986
59381986
59391986
59401986
59411986
59421986
59431986
59441986
59451986
59461986
59471986
59481986
59491986
59501986
59511986
59521986
59531986
59541986
59551986
59561986
59571986
59581986
59591986
59601986
59611986
59621986
59631986
59641986
59651986
59661986
59671986
59681986
59691986
59701986
59711986
59721986
59731986
59741986
59751986
59761986
59771986
59781986
59791986
59801986
59811986
59821986
59831986
59841986
59851986
59861986
59871986
59881986
59891986
59901986
59911986
59921986
59931986
59941986
59951986
59961986
59971986
59981986
59991986
60001986
60011986
60021986
60031986
60041986
60051986
60061986
60071986
60081986
60091986
60101986
60111986
60121986
60131986
60141986
60151986
60161986
60171986
60181986
60191986
60201986
60211986
60221986
60231986
60241986
60251986
60261986
60271986
60281986
60291986
60301986
60311986
60321986
60331986
60341986
60351986
60361986
60371986
60381986
60391986
60401986
60411986
60421986
60431986
60441986
60451986
60461986
60471986
60481986
60491986
60501986
60511986
60521986
60531986
60541986
60551986
60561986
60571986
60581986
60591986
60601986
60611986
60621986
60631986
60641986
60651986
60661986
60671986
60681986
60691986
60701986
60711986
60721986
60731986
60741986
60751986
60761986
60771986
60781986
60791986
60801986
60811986
60821986
60831986
60841986
60851986
60861986
60871986
60881986
60891986
60901986
60911986
60921986
60931986
60941986
60951986
60961986
60971986
60981986
60991986
61001986
61011986
61021986
61031986
61041986
61051986
61061986
61071986
61081986
61091986
61101986
61111986
61121986
61131986
61141986
61151986
61161986
61171986
61181986
61191986
61201986
61211986
61221986
61231986
61241986
61251986
61261986
61271986
61281986
61291986
61301986
61311986
61321986
61331986
61341986
61351986
61361986
61371986
61381986
61391986
61401986
61411986
61421986
61431986
61441986
61451986
61461986
61471986
61481986
61491986
61501986
61511986
61521986
61531986
61541986
61551986
61561986
61571986
61581986
61591986
61601986
61611986
61621986
61631986
61641986
61651986
61661986
61671986
61681986
61691986
61701986
61711986
61721986
61731986
61741986
61751986
61761986
61771986
61781986
61791986
61801986
61811986
61821986
61831986
61841986
61851986
61861986
61871986
61881986
61891986
61901986
61911986
61921986
61931986
61941986
61951986
61961986
61971986
61981986
61991986
62001986
62011986
62021986
62031986
62041986
62051986
62061986
62071986
62081986
62091986
62101986
62111986
62121986
62131986
62141986
62151986
62161986
62171986
62181986
62191986
62201986
62211986
62221986
62231986
62241986
62251986
62261986
62271986
62281986
62291986
62301986
62311986
62321986
62331986
62341986
62351986
62361986
62371986
62381986
62391986
62401986
62411986
62421986
62431986
62441986
62451986
62461986
62471986
62481986
62491986
62501986
62511986
62521986
62531986
62541986
62551986
62561986
62571986
62581986
62591986
62601986
62611986
62621986
62631986
62641986
62651986
62661986
62671986
62681986
62691986
62701986
62711986
62721986
62731986
62741986
62751986
62761986
62771986
62781986
62791986
62801986
62811986
62821986
62831986
62841986
62851986
62861986
62871986
62881986
62891986
62901986
62911986
62921986
62931986
62941986
62951986
62961986
62971986
62981986
62991986
63001986
63011986
63021986
63031986
63041986
63051986
63061986
63071986
63081986
63091986
63101986
63111986
63121986
63131986
63141986
63151986
63161986
63171986
63181986
63191986
63201986
63211986
63221986
63231986
63241986
63251986
63261986
63271986
63281986
63291986
63301986
63311986
63321986
63331986
63341986
63351986
63361986
63371986
63381986
63391986
63401986
63411986
63421986
63431986
63441986
63451986
63461986
63471986
63481986
63491986
63501986
63511986
63521986
63531986
63541986
63551986
63561986
63571986
63581986
63591986
63601986
63611986
63621986
63631986
63641986
63651986
63661986
63671986
63681986
63691986
63701986
63711986
63721986
63731986
63741986
63751986
63761986
63771986
63781986
63791986
63801986
63811986
63821986
63831986
63841986
63851986
63861986
63871986
63881986
63891986
63901986
63911986
63921986
63931986
63941986
63951986
63961986
63971986
63981986
63991986
64001986
64011986
64021986
64031986
64041986
64051986
64061986
64071986
64081986
64091986
64101986
64111986
64121986
64131986
64141986
64151986
64161986
64171986
64181986
64191986
64201986
64211986
64221986
64231986
64241986
64251986
64261986
64271986
64281986
64291986
64301986
64311986
64321986
64331986
64341986
64351986
64361986
64371986
64381986
64391986
64401986
64411986
64421986
64431986
64441986
64451986
64461986
64471986
64481986
64491986
64501986
64511986
64521986
64531986
64541986
64551986
64561986
64571986
64581986
64591986
64601986
64611986
64621986
64631986
64641986
64651986
64661986
64671986
64681986
64691986
64701986
64711986
64721986
64731986
64741986
64751986
64761986
64771986
64781986
64791986
64801986
64811986
64821986
64831986
64841986
64851986
64861986
64871986
64881986
64891986
64901986
64911986
64921986
64931986
64941986
64951986
64961986
64971986
64981986
64991986
65001986
65011986
65021986
65031986
65041986
65051986
65061986
65071986
65081986
65091986
65101986
65111986
65121986
65131986
65141986
65151986
65161986
65171986
65181986
65191986
65201986
65211986
65221986
65231986
65241986
65251986
65261986
65271986
65281986
65291986
65301986
65311986
65321986
65331986
65341986
65351986
65361986
65371986
65381986
65391986
65401986
65411986
65421986
65431986
65441986
65451986
65461986
65471986
65481986
65491986
65501986
65511986
65521986
65531986
65541986
65551986
65561986
65571986
65581986
65591986
65601986
65611986
65621986
65631986
65641986
65651986
65661986
65671986
65681986
65691986
65701986
65711986
65721986
65731986
65741986
65751986
65761986
65771986
65781986
65791986
65801986
65811986
65821986
65831986
65841986
65851986
65861986
65871986
65881986
65891986
65901986
65911986
65921986
65931986
65941986
65951986
65961986
65971986
65981986
65991986
66001986
66011986
66021986
66031986
66041986
66051986
66061986
66071986
66081986
66091986
66101986
66111986
66121986
66131986
66141986
66151986
66161986
66171986
66181986
66191986
66201986
66211986
66221986
66231986
66241986
66251986
66261986
66271986
66281986
66291986
66301986
66311986
66321986
66331986
66341986
66351986
66361986
66371986
66381986
66391986
66401986
66411986
66421986
66431986
66441986
66451986
66461986
66471986
66481986
66491986
66501986
66511986
66521986
66531986
66541986
66551986
66561986
66571986
66581986
66591986
66601986
66611986
66621986
66631986
66641986
66651986
66661986
66671986
66681986
66691986
66701986
66711986
66721986
66731986
66741986
66751986
66761986
66771986
66781986
66791986
66801986
66811986
66821986
66831986
66841986
66851986
66861986
66871986
66881986
66891986
66901986
66911986
66921986
66931986
66941986
66951986
66961986
66971986
66981986
66991986
67001986
67011986
67021986
67031986
67041986
67051986
67061986
67071986
67081986
67091986
67101986
67111986
67121986
67131986
67141986
67151986
67161986
67171986
67181986
67191986
67201986
67211986
67221986
67231986
67241986
67251986
67261986
67271986
67281986
67291986
67301986
67311986
67321986
67331986
67341986
67351986
67361986
67371986
67381986
67391986
67401986
67411986
67421986
67431986
67441986
67451986
67461986
67471986
67481986
67491986
67501986
67511986
67521986
67531986
67541986
67551986
67561986
67571986
67581986
67591986
67601986
67611986
67621986
67631986
67641986
67651986
67661986
67671986
67681986
67691986
67701986
67711986
67721986
67731986
67741986
67751986
67761986
67771986
67781986
67791986
67801986
67811986
67821986
67831986
67841986
67851986
67861986
67871986
67881986
67891986
67901986
67911986
67921986
67931986
67941986
67951986
67961986
67971986
67981986
67991986
68001986
68011986
68021986
68031986
68041986
68051986
68061986
68071986
68081986
68091986
68101986
68111986
68121986
68131986
68141986
68151986
68161986
68171986
68181986
68191986
68201986
68211986
68221986
68231986
68241986
68251986
68261986
68271986
68281986
68291986
68301986
68311986
68321986
68331986
68341986
68351986
68361986
68371986
68381986
68391986
68401986
68411986
68421986
68431986
68441986
68451986
68461986
68471986
68481986
68491986
68501986
68511986
68521986
68531986
68541986
68551986
68561986
68571986
68581986
68591986
68601986
68611986
68621986
68631986
68641986
68651986
68661986
68671986
68681986
68691986
68701986
68711986
68721986
68731986
68741986
68751986
68761986
68771986
68781986
68791986
68801986
68811986
68821986
68831986
68841986
68851986
68861986
68871986
68881986
68891986
68901986
68911986
68921986
68931986
68941986
68951986
68961986
68971986
68981986
68991986
69001986
69011986
69021986
69031986
69041986
69051986
69061986
69071986
69081986
69091986
69101986
69111986
69121986
69131986
69141986
69151986
69161986
69171986
69181986
69191986
69201986
69211986
69221986
69231986
69241986
69251986
69261986
69271986
69281986
69291986
69301986
69311986
69321986
69331986
69341986
69351986
69361986
69371986
69381986
69391986
69401986
69411986
69421986
69431986
69441986
69451986
69461986
69471986
69481986
69491986
69501986
69511986
69521986
69531986
69541986
69551986
69561986
69571986
69581986
69591986
69601986
69611986
69621986
69631986
69641986
69651986
69661986
69671986
69681986
69691986
69701986
69711986
69721986
69731986
69741986
69751986
69761986
69771986
69781986
69791986
69801986
69811986
69821986
69831986
69841986
69851986
69861986
69871986
69881986
69891986
69901986
69911986
69921986
69931986
69941986
69951986
69961986
69971986
69981986
69991986
70001986
70011986
70021986
70031986
70041986
70051986
70061986
70071986
70081986
70091986
70101986
70111986
70121986
70131986
70141986
70151986
70161986
70171986
70181986
70191986
70201986
70211986
70221986
70231986
70241986
70251986
70261986
70271986
70281986
70291986
70301986
70311986
70321986
70331986
70341986
70351986
70361986
70371986
70381986
70391986
70401986
70411986
70421986
70431986
70441986
70451986
70461986
70471986
70481986
70491986
70501986
70511986
70521986
70531986
70541986
70551986
70561986
70571986
70581986
70591986
70601986
70611986
70621986
70631986
70641986
70651986
70661986
70671986
70681986
70691986
70701986
70711986
70721986
70731986
70741986
70751986
70761986
70771986
70781986
70791986
70801986
70811986
70821986
70831986
70841986
70851986
70861986
70871986
70881986
70891986
70901986
70911986
70921986
70931986
70941986
70951986
70961986
70971986
70981986
70991986
71001986
71011986
71021986
71031986
71041986
71051986
71061986
71071986
71081986
71091986
71101986
71111986
71121986
71131986
71141986
71151986
71161986
71171986
71181986
71191986
71201986
71211986
71221986
71231986
71241986
71251986
71261986
71271986
71281986
71291986
71301986
71311986
71321986
71331986
71341986
71351986
71361986
71371986
71381986
71391986
71401986
71411986
71421986
71431986
71441986
71451986
71461986
71471986
71481986
71491986
71501986
71511986
71521986
71531986
71541986
71551986
71561986
71571986
71581986
71591986
71601986
71611986
71621986
71631986
71641986
71651986
71661986
71671986
71681986
71691986
71701986
71711986
71721986
71731986
71741986
71751986
71761986
71771986
71781986
71791986
71801986
71811986
71821986
71831986
71841986
71851986
71861986
71871986
71881986
71891986
71901986
71911986
71921986
71931986
71941986
71951986
71961986
71971986
71981986
71991986
72001986
72011986
72021986
72031986
72041986
72051986
72061986
72071986
72081986
72091986
72101986
72111986
72121986
72131986
72141986
72151986
72161986
72171986
72181986
72191986
72201986
72211986
72221986
72231986
72241986
72251986
72261986
72271986
72281986
72291986
72301986
72311986
72321986
72331986
72341986
72351986
72361986
72371986
72381986
72391986
72401986
72411986
72421986
72431986
72441986
72451986
72461986
72471986
72481986
72491986
72501986
72511986
72521986
72531986
72541986
72551986
72561986
72571986
72581986
72591986
72601986
72611986
72621986
72631986
72641986
72651986
72661986
72671986
72681986
72691986
72701986
72711986
72721986
72731986
72741986
72751986
72761986
72771986
72781986
72791986
72801986
72811986
72821986
72831986
72841986
72851986
72861986
72871986
72881986
72891986
72901986
72911986
72921986
72931986
72941986
72951986
72961986
72971986
72981986
72991986
73001986
73011986
73021986
73031986
73041986
73051986
73061986
73071986
73081986
73091986
73101986
73111986
73121986
73131986
73141986
73151986
73161986
73171986
73181986
73191986
73201986
73211986
73221986
73231986
73241986
73251986
73261986
73271986
73281986
73291986
73301986
73311986
73321986
73331986
73341986
73351986
73361986
73371986
73381986
73391986
73401986
73411986
73421986
73431986
73441986
73451986
73461986
73471986
73481986
73491986
73501986
73511986
73521986
73531986
73541986
73551986
73561986
73571986
73581986
73591986
73601986
73611986
73621986
73631986
73641986
73651986
73661986
73671986
73681986
73691986
73701986
73711986
73721986
73731986
73741986
73751986
73761986
73771986
73781986
73791986
73801986
73811986
73821986
73831986
73841986
73851986
73861986
73871986
73881986
73891986
73901986
73911986
73921986
73931986
73941986
73951986
73961986
73971986
73981986
73991986
74001986
74011986
74021986
74031986
74041986
74051986
74061986
74071986
74081986
74091986
74101986
74111986
74121986
74131986
74141986
74151986
74161986
74171986
74181986
74191986
74201986
74211986
74221986
74231986
74241986
74251986
74261986
74271986
74281986
74291986
74301986
74311986
74321986
74331986
74341986
74351986
74361986
74371986
74381986
74391986
74401986
74411986
74421986
74431986
74441986
74451986
74461986
74471986
74481986
74491986
74501986
74511986
74521986
74531986
74541986
74551986
74561986
74571986
74581986
74591986
74601986
74611986
74621986
74631986
74641986
74651986
74661986
74671986
74681986
74691986
74701986
74711986
74721986
74731986
74741986
74751986
74761986
74771986
74781986
74791986
74801986
74811986
74821986
74831986
74841986
74851986
74861986
74871986
74881986
74891986
74901986
74911986
74921986
74931986
74941986
74951986
74961986
74971986
74981986
74991986
75001986
75011986
75021986
75031986
75041986
75051986
75061986
75071986
75081986
75091986
75101986
75111986
75121986
75131986
75141986
75151986
75161986
75171986
75181986
75191986
75201986
75211986
75221986
75231986
75241986
75251986
75261986
75271986
75281986
75291986
75301986
75311986
75321986
75331986
75341986
75351986
75361986
75371986
75381986
75391986
75401986
75411986
75421986
75431986
75441986
75451986
75461986
75471986
75481986
75491986
75501986
75511986
75521986
75531986
75541986
75551986
75561986
75571986
75581986
75591986
75601986
75611986
75621986
75631986
75641986
75651986
75661986
75671986
75681986
75691986
75701986
75711986
75721986
75731986
75741986
75751986
75761986
75771986
75781986
75791986
75801986
75811986
75821986
75831986
75841986
75851986
75861986
75871986
75881986
75891986
75901986
75911986
75921986
75931986
75941986
75951986
75961986
75971986
75981986
75991986
76001986
76011986
76021986
76031986
76041986
76051986
76061986
76071986
76081986
76091986
76101986
76111986
76121986
76131986
76141986
76151986
76161986
76171986
76181986
76191986
76201986
76211986
76221986
76231986
76241986
76251986
76261986
76271986
76281986
76291986
76301986
76311986
76321986
76331986
76341986
76351986
76361986
76371986
76381986
76391986
76401986
76411986
76421986
76431986
76441986
76451986
76461986
76471986
76481986
76491986
76501986
76511986
76521986
76531986
76541986
76551986
76561986
76571986
76581986
76591986
76601986
76611986
76621986
76631986
76641986
76651986
76661986
76671986
76681986
76691986
76701986
76711986
76721986
76731986
76741986
76751986
76761986
76771986
76781986
76791986
76801986
76811986
76821986
76831986
76841986
76851986
76861986
76871986
76881986
76891986
76901986
76911986
76921986
76931986
76941986
76951986
76961986
76971986
76981986
76991986
77001986
77011986
77021986
77031986
77041986
77051986
77061986
77071986
77081986
77091986
77101986
77111986
77121986
77131986
77141986
77151986
77161986
77171986
77181986
77191986
77201986
77211986
77221986
77231986
77241986
77251986
77261986
77271986
77281986
77291986
77301986
77311986
77321986
77331986
77341986
77351986
77361986
77371986
77381986
77391986
77401986
77411986
77421986
77431986
77441986
77451986
77461986
77471986
77481986
77491986
77501986
77511986
77521986
77531986
77541986
77551986
77561986
77571986
77581986
77591986
77601986
77611986
77621986
77631986
77641986
77651986
77661986
77671986
77681986
77691986
77701986
77711986
77721986
77731986
77741986
77751986
77761986
77771986
77781986
77791986
77801986
77811986
77821986
77831986
77841986
77851986
77861986
77871986
77881986
77891986
77901986
77911986
77921986
77931986
77941986
77951986
77961986
77971986
77981986
77991986
78001986
78011986
78021986
78031986
78041986
78051986
78061986
78071986
78081986
78091986
78101986
78111986
78121986
78131986
78141986
78151986
78161986
78171986
78181986
78191986
78201986
78211986
78221986
78231986
78241986
78251986
78261986
78271986
78281986
78291986
78301986
78311986
78321986
78331986
78341986
78351986
78361986
78371986
78381986
78391986
78401986
78411986
78421986
78431986
78441986
78451986
78461986
78471986
78481986
78491986
78501986
78511986
78521986
78531986
78541986
78551986
78561986
78571986
78581986
78591986
78601986
78611986
78621986
78631986
78641986
78651986
78661986
78671986
78681986
78691986
78701986
78711986
78721986
78731986
78741986
78751986
78761986
78771986
78781986
78791986
78801986
78811986
78821986
78831986
78841986
78851986
78861986
78871986
78881986
78891986
78901986
78911986
78921986
78931986
78941986
78951986
78961986
78971986
78981986
78991986
79001986
79011986
79021986
79031986
79041986
79051986
79061986
79071986
79081986
79091986
79101986
79111986
79121986
79131986
79141986
79151986
79161986
79171986
79181986
79191986
79201986
79211986
79221986
79231986
79241986
79251986
79261986
79271986
79281986
79291986
79301986
79311986
79321986
79331986
79341986
79351986
79361986
79371986
79381986
79391986
79401986
79411986
79421986
79431986
79441986
79451986
79461986
79471986
79481986
79491986
79501986
79511986
79521986
79531986
79541986
79551986
79561986
79571986
79581986
79591986
79601986
79611986
79621986
79631986
79641986
79651986
79661986
79671986
79681986
79691986
79701986
79711986
79721986
79731986
79741986
79751986
79761986
79771986
79781986
79791986
79801986
79811986
79821986
79831986
79841986
79851986
79861986
79871986
79881986
79891986
79901986
79911986
79921986
79931986
79941986
79951986
79961986
79971986
79981986
79991986
80001986
80011986
80021986
80031986
80041986
80051986
80061986
80071986
80081986
80091986
80101986
80111986
80121986
80131986
80141986
80151986
80161986
80171986
80181986
80191986
80201986
80211986
80221986
80231986
80241986
80251986
80261986
80271986
80281986
80291986
80301986
80311986
80321986
80331986
80341986
80351986
80361986
80371986
80381986
80391986
80401986
80411986
80421986
80431986
80441986
80451986
80461986
80471986
80481986
80491986
80501986
80511986
80521986
80531986
80541986
80551986
80561986
80571986
80581986
80591986
80601986
80611986
80621986
80631986
80641986
80651986
80661986
80671986
80681986
80691986
80701986
80711986
80721986
80731986
80741986
80751986
80761986
80771986
80781986
80791986
80801986
80811986
80821986
80831986
80841986
80851986
80861986
80871986
80881986
80891986
80901986
80911986
80921986
80931986
80941986
80951986
80961986
80971986
80981986
80991986
81001986
81011986
81021986
81031986
81041986
81051986
81061986
81071986
81081986
81091986
81101986
81111986
81121986
81131986
81141986
81151986
81161986
81171986
81181986
81191986
81201986
81211986
81221986
81231986
81241986
81251986
81261986
81271986
81281986
81291986
81301986
81311986
81321986
81331986
81341986
81351986
81361986
81371986
81381986
81391986
81401986
81411986
81421986
81431986
81441986
81451986
81461986
81471986
81481986
81491986
81501986
81511986
81521986
81531986
81541986
81551986
81561986
81571986
81581986
81591986
81601986
81611986
81621986
81631986
81641986
81651986
81661986
81671986
81681986
81691986
81701986
81711986
81721986
81731986
81741986
81751986
81761986
81771986
81781986
81791986
81801986
81811986
81821986
81831986
81841986
81851986
81861986
81871986
81881986
81891986
81901986
81911986
81921986
81931986
81941986
81951986
81961986
81971986
81981986
81991986
82001986
82011986
82021986
82031986
82041986
82051986
82061986
82071986
82081986
82091986
82101986
82111986
82121986
82131986
82141986
82151986
82161986
82171986
82181986
82191986
82201986
82211986
82221986
82231986
82241986
82251986
82261986
82271986
82281986
82291986
82301986
82311986
82321986
82331986
82341986
82351986
82361986
82371986
82381986
82391986
82401986
82411986
82421986
82431986
82441986
82451986
82461986
82471986
82481986
82491986
82501986
82511986
82521986
82531986
82541986
82551986
82561986
82571986
82581986
82591986
82601986
82611986
82621986
82631986
82641986
82651986
82661986
82671986
82681986
82691986
82701986
82711986
82721986
82731986
82741986
82751986
82761986
82771986
82781986
82791986
82801986
82811986
82821986
82831986
82841986
82851986
82861986
82871986
82881986
82891986
82901986
82911986
82921986
82931986
82941986
82951986
82961986
82971986
82981986
82991986
83001986
83011986
83021986
83031986
83041986
83051986
83061986
83071986
83081986
83091986
83101986
83111986
83121986
83131986
83141986
83151986
83161986
83171986
83181986
83191986
83201986
83211986
83221986
83231986
83241986
83251986
83261986
83271986
83281986
83291986
83301986
83311986
83321986
83331986
83341986
83351986
83361986
83371986
83381986
83391986
83401986
83411986
83421986
83431986
83441986
83451986
83461986
83471986
83481986
83491986
83501986
83511986
83521986
83531986
83541986
83551986
83561986
83571986
83581986
83591986
83601986
83611986
83621986
83631986
83641986
83651986
83661986
83671986
83681986
83691986
83701986
83711986
83721986
83731986
83741986
83751986
83761986
83771986
83781986
83791986
83801986
83811986
83821986
83831986
83841986
83851986
83861986
83871986
83881986
83891986
83901986
83911986
83921986
83931986
83941986
83951986
83961986
83971986
83981986
83991986
84001986
84011986
84021986
84031986
84041986
84051986
84061986
84071986
84081986
84091986
84101986
84111986
84121986
84131986
84141986
84151986
84161986
84171986
84181986
84191986
84201986
84211986
84221986
84231986
84241986
84251986
84261986
84271986
84281986
84291986
84301986
84311986
84321986
84331986
84341986
84351986
84361986
84371986
84381986
84391986
84401986
84411986
84421986
84431986
84441986
84451986
84461986
84471986
84481986
84491986
84501986
84511986
84521986
84531986
84541986
84551986
84561986
84571986
84581986
84591986
84601986
84611986
84621986
84631986
84641986
84651986
84661986
84671986
84681986
84691986
84701986
84711986
84721986
84731986
84741986
84751986
84761986
84771986
84781986
84791986
84801986
84811986
84821986
84831986
84841986
84851986
84861986
84871986
84881986
84891986
84901986
84911986
84921986
84931986
84941986
84951986
84961986
84971986
84981986
84991986
85001986
85011986
85021986
85031986
85041986
85051986
85061986
85071986
85081986
85091986
85101986
85111986
85121986
85131986
85141986
85151986
85161986
85171986
85181986
85191986
85201986
85211986
85221986
85231986
85241986
85251986
85261986
85271986
85281986
85291986
85301986
85311986
85321986
85331986
85341986
85351986
85361986
85371986
85381986
85391986
85401986
85411986
85421986
85431986
85441986
85451986
85461986
85471986
85481986
85491986
85501986
85511986
85521986
85531986
85541986
85551986
85561986
85571986
85581986
85591986
85601986
85611986
85621986
85631986
85641986
85651986
85661986
85671986
85681986
85691986
85701986
85711986
85721986
85731986
85741986
85751986
85761986
85771986
85781986
85791986
85801986
85811986
85821986
85831986
85841986
85851986
85861986
85871986
85881986
85891986
85901986
85911986
85921986
85931986
85941986
85951986
85961986
85971986
85981986
85991986
86001986
86011986
86021986
86031986
86041986
86051986
86061986
86071986
86081986
86091986
86101986
86111986
86121986
86131986
86141986
86151986
86161986
86171986
86181986
86191986
86201986
86211986
86221986
86231986
86241986
86251986
86261986
86271986
86281986
86291986
86301986
86311986
86321986
86331986
86341986
86351986
86361986
86371986
86381986
86391986
86401986
86411986
86421986
86431986
86441986
86451986
86461986
86471986
86481986
86491986
86501986
86511986
86521986
86531986
86541986
86551986
86561986
86571986
86581986
86591986
86601986
86611986
86621986
86631986
86641986
86651986
86661986
86671986
86681986
86691986
86701986
86711986
86721986
86731986
86741986
86751986
86761986
86771986
86781986
86791986
86801986
86811986
86821986
86831986
86841986
86851986
86861986
86871986
86881986
86891986
86901986
86911986
86921986
86931986
86941986
86951986
86961986
86971986
86981986
86991986
87001986
87011986
87021986
87031986
87041986
87051986
87061986
87071986
87081986
87091986
87101986
87111986
87121986
87131986
87141986
87151986
87161986
87171986
87181986
87191986
87201986
87211986
87221986
87231986
87241986
87251986
87261986
87271986
87281986
87291986
87301986
87311986
87321986
87331986
87341986
87351986
87361986
87371986
87381986
87391986
87401986
87411986
87421986
87431986
87441986
87451986
87461986
87471986
87481986
87491986
87501986
87511986
87521986
87531986
87541986
87551986
87561986
87571986
87581986
87591986
87601986
87611986
87621986
87631986
87641986
87651986
87661986
87671986
87681986
87691986
87701986
87711986
87721986
87731986
87741986
87751986
87761986
87771986
87781986
87791986
87801986
87811986
87821986
87831986
87841986
87851986
87861986
87871986
87881986
87891986
87901986
87911986
87921986
87931986
87941986
87951986
87961986
87971986
87981986
87991986
88001986
88011986
88021986
88031986
88041986
88051986
88061986
88071986
88081986
88091986
88101986
88111986
88121986
88131986
88141986
88151986
88161986
88171986
88181986
88191986
88201986
88211986
88221986
88231986
88241986
88251986
88261986
88271986
88281986
88291986
88301986
88311986
88321986
88331986
88341986
88351986
88361986
88371986
88381986
88391986
88401986
88411986
88421986
88431986
88441986
88451986
88461986
88471986
88481986
88491986
88501986
88511986
88521986
88531986
88541986
88551986
88561986
88571986
88581986
88591986
88601986
88611986
88621986
88631986
88641986
88651986
88661986
88671986
88681986
88691986
88701986
88711986
88721986
88731986
88741986
88751986
88761986
88771986
88781986
88791986
88801986
88811986
88821986
88831986
88841986
88851986
88861986
88871986
88881986
88891986
88901986
88911986
88921986
88931986
88941986
88951986
88961986
88971986
88981986
88991986
89001986
89011986
89021986
89031986
89041986
89051986
89061986
89071986
89081986
89091986
89101986
89111986
89121986
89131986
89141986
89151986
89161986
89171986
89181986
89191986
89201986
89211986
89221986
89231986
89241986
89251986
89261986
89271986
89281986
89291986
89301986
89311986
89321986
89331986
89341986
89351986
89361986
89371986
89381986
89391986
89401986
89411986
89421986
89431986
89441986
89451986
89461986
89471986
89481986
89491986
89501986
89511986
89521986
89531986
89541986
89551986
89561986
89571986
89581986
89591986
89601986
89611986
89621986
89631986
89641986
89651986
89661986
89671986
89681986
89691986
89701986
89711986
89721986
89731986
89741986
89751986
89761986
89771986
89781986
89791986
89801986
89811986
89821986
89831986
89841986
89851986
89861986
89871986
89881986
89891986
89901986
89911986
89921986
89931986
89941986
89951986
89961986
89971986
89981986
89991986
90001986
90011986
90021986
90031986
90041986
90051986
90061986
90071986
90081986
90091986
90101986
90111986
90121986
90131986
90141986
90151986
90161986
90171986
90181986
90191986
90201986
90211986
90221986
90231986
90241986
90251986
90261986
90271986
90281986
90291986
90301986
90311986
90321986
90331986
90341986
90351986
90361986
90371986
90381986
90391986
90401986
90411986
90421986
90431986
90441986
90451986
90461986
90471986
90481986
90491986
90501986
90511986
90521986
90531986
90541986
90551986
90561986
90571986
90581986
90591986
90601986
90611986
90621986
90631986
90641986
90651986
90661986
90671986
90681986
90691986
90701986
90711986
90721986
90731986
90741986
90751986
90761986
90771986
90781986
90791986
90801986
90811986
90821986
90831986
90841986
90851986
90861986
90871986
90881986
90891986
90901986
90911986
90921986
90931986
90941986
90951986
90961986
90971986
90981986
90991986
91001986
91011986
91021986
91031986
91041986
91051986
91061986
91071986
91081986
91091986
91101986
91111986
91121986
91131986
91141986
91151986
91161986
91171986
91181986
91191986
91201986
91211986
91221986
91231986
91241986
91251986
91261986
91271986
91281986
91291986
91301986
91311986
91321986
91331986
91341986
91351986
91361986
91371986
91381986
91391986
91401986
91411986
91421986
91431986
91441986
91451986
91461986
91471986
91481986
91491986
91501986
91511986
91521986
91531986
91541986
91551986
91561986
91571986
91581986
91591986
91601986
91611986
91621986
91631986
91641986
91651986
91661986
91671986
91681986
91691986
91701986
91711986
91721986
91731986
91741986
91751986
91761986
91771986
91781986
91791986
91801986
91811986
91821986
91831986
91841986
91851986
91861986
91871986
91881986
91891986
91901986
91911986
91921986
91931986
91941986
91951986
91961986
91971986
91981986
91991986
92001986
92011986
92021986
92031986
92041986
92051986
92061986
92071986
92081986
92091986
92101986
92111986
92121986
92131986
92141986
92151986
92161986
92171986
92181986
92191986
92201986
92211986
92221986
92231986
92241986
92251986
92261986
92271986
92281986
92291986
92301986
92311986
92321986
92331986
92341986
92351986
92361986
92371986
92381986
92391986
92401986
92411986
92421986
92431986
92441986
92451986
92461986
92471986
92481986
92491986
92501986
92511986
92521986
92531986
92541986
92551986
92561986
92571986
92581986
92591986
92601986
92611986
92621986
92631986
92641986
92651986
92661986
92671986
92681986
92691986
92701986
92711986
92721986
92731986
92741986
92751986
92761986
92771986
92781986
92791986
92801986
92811986
92821986
92831986
92841986
92851986
92861986
92871986
92881986
92891986
92901986
92911986
92921986
92931986
92941986
92951986
92961986
92971986
92981986
92991986
93001986
93011986
93021986
93031986
93041986
93051986
93061986
93071986
93081986
93091986
93101986
93111986
93121986
93131986
93141986
93151986
93161986
93171986
93181986
93191986
93201986
93211986
93221986
93231986
93241986
93251986
93261986
93271986
93281986
93291986
93301986
93311986
93321986
93331986
93341986
93351986
93361986
93371986
93381986
93391986
93401986
93411986
93421986
93431986
93441986
93451986
93461986
93471986
93481986
93491986
93501986
93511986
93521986
93531986
93541986
93551986
93561986
93571986
93581986
93591986
93601986
93611986
93621986
93631986
93641986
93651986
93661986
93671986
93681986
93691986
93701986
93711986
93721986
93731986
93741986
93751986
93761986
93771986
93781986
93791986
93801986
93811986
93821986
93831986
93841986
93851986
93861986
93871986
93881986
93891986
93901986
93911986
93921986
93931986
93941986
93951986
93961986
93971986
93981986
93991986
94001986
94011986
94021986
94031986
94041986
94051986
94061986
94071986
94081986
94091986
94101986
94111986
94121986
94131986
94141986
94151986
94161986
94171986
94181986
94191986
94201986
94211986
94221986
94231986
94241986
94251986
94261986
94271986
94281986
94291986
94301986
94311986
94321986
94331986
94341986
94351986
94361986
94371986
94381986
94391986
94401986
94411986
94421986
94431986
94441986
94451986
94461986
94471986
94481986
94491986
94501986
94511986
94521986
94531986
94541986
94551986
94561986
94571986
94581986
94591986
94601986
94611986
94621986
94631986
94641986
94651986
94661986
94671986
94681986
94691986
94701986
94711986
94721986
94731986
94741986
94751986
94761986
94771986
94781986
94791986
94801986
94811986
94821986
94831986
94841986
94851986
94861986
94871986
94881986
94891986
94901986
94911986
94921986
94931986
94941986
94951986
94961986
94971986
94981986
94991986
95001986
95011986
95021986
95031986
95041986
95051986
95061986
95071986
95081986
95091986
95101986
95111986
95121986
95131986
95141986
95151986
95161986
95171986
95181986
95191986
95201986
95211986
95221986
95231986
95241986
95251986
95261986
95271986
95281986
95291986
95301986
95311986
95321986
95331986
95341986
95351986
95361986
95371986
95381986
95391986
95401986
95411986
95421986
95431986
95441986
95451986
95461986
95471986
95481986
95491986
95501986
95511986
95521986
95531986
95541986
95551986
95561986
95571986
95581986
95591986
95601986
95611986
95621986
95631986
95641986
95651986
95661986
95671986
95681986
95691986
95701986
95711986
95721986
95731986
95741986
95751986
95761986
95771986
95781986
95791986
95801986
95811986
95821986
95831986
95841986
95851986
95861986
95871986
95881986
95891986
95901986
95911986
95921986
95931986
95941986
95951986
95961986
95971986
95981986
95991986
96001986
96011986
96021986
96031986
96041986
96051986
96061986
96071986
96081986
96091986
96101986
96111986
96121986
96131986
96141986
96151986
96161986
96171986
96181986
96191986
96201986
96211986
96221986
96231986
96241986
96251986
96261986
96271986
96281986
96291986
96301986
96311986
96321986
96331986
96341986
96351986
96361986
96371986
96381986
96391986
96401986
96411986
96421986
96431986
96441986
96451986
96461986
96471986
96481986
96491986
96501986
96511986
96521986
96531986
96541986
96551986
96561986
96571986
96581986
96591986
96601986
96611986
96621986
96631986
96641986
96651986
96661986
96671986
96681986
96691986
96701986
96711986
96721986
96731986
96741986
96751986
96761986
96771986
96781986
96791986
96801986
96811986
96821986
96831986
96841986
96851986
96861986
96871986
96881986
96891986
96901986
96911986
96921986
96931986
96941986
96951986
96961986
96971986
96981986
96991986
97001986
97011986
97021986
97031986
97041986
97051986
97061986
97071986
97081986
97091986
97101986
97111986
97121986
97131986
97141986
97151986
97161986
97171986
97181986
97191986
97201986
97211986
97221986
97231986
97241986
97251986
97261986
97271986
97281986
97291986
97301986
97311986
97321986
97331986
97341986
97351986
97361986
97371986
97381986
97391986
97401986
97411986
97421986
97431986
97441986
97451986
97461986
97471986
97481986
97491986
97501986
97511986
97521986
97531986
97541986
97551986
97561986
97571986
97581986
97591986
97601986
97611986
97621986
97631986
97641986
97651986
97661986
97671986
97681986
97691986
97701986
97711986
97721986
97731986
97741986
97751986
97761986
97771986
97781986
97791986
97801986
97811986
97821986
97831986
97841986
97851986
97861986
97871986
97881986
97891986
97901986
97911986
97921986
97931986
97941986
97951986
97961986
97971986
97981986
97991986
98001986
98011986
98021986
98031986
98041986
98051986
98061986
98071986
98081986
98091986
98101986
98111986
98121986
98131986
98141986
98151986
98161986
98171986
98181986
98191986
98201986
98211986
98221986
98231986
98241986
98251986
98261986
98271986
98281986
98291986
98301986
98311986
98321986
98331986
98341986
98351986
98361986
98371986
98381986
98391986
98401986
98411986
98421986
98431986
98441986
98451986
98461986
98471986
98481986
98491986
98501986
98511986
98521986
98531986
98541986
98551986
98561986
98571986
98581986
98591986
98601986
98611986
98621986
98631986
98641986
98651986
98661986
98671986
98681986
98691986
98701986
98711986
98721986
98731986
98741986
98751986
98761986
98771986
98781986
98791986
98801986
98811986
98821986
98831986
98841986
98851986
98861986
98871986
98881986
98891986
98901986
98911986
98921986
98931986
98941986
98951986
98961986
98971986
98981986
98991986
99001986
99011986
99021986
99031986
99041986
99051986
99061986
99071986
99081986
99091986
99101986
99111986
99121986
99131986
99141986
99151986
99161986
99171986
99181986
99191986
99201986
99211986
99221986
99231986
99241986
99251986
99261986
99271986
99281986
99291986
99301986
99311986
99321986
99331986
99341986
99351986
99361986
99371986
99381986
99391986
99401986
99411986
99421986
99431986
99441986
99451986
99461986
99471986
99481986
99491986
99501986
99511986
99521986
99531986
99541986
99551986
99561986
99571986
99581986
99591986
99601986
99611986
99621986
99631986
99641986
99651986
99661986
99671986
99681986
99691986
99701986
99711986
99721986
99731986
99741986
99751986
99761986
99771986
99781986
99791986
99801986
99811986
99821986
99831986
99841986
99851986
99861986
99871986
99881986
99891986
99901986
99911986
99921986
99931986
99941986
99951986
99961986
99971986
99981986
99991986
