00001982
00011982
00021982
00031982
00041982
00051982
00061982
00071982
00081982
00091982
00101982
00111982
00121982
00131982
00141982
00151982
00161982
00171982
00181982
00191982
00201982
00211982
00221982
00231982
00241982
00251982
00261982
00271982
00281982
00291982
00301982
00311982
00321982
00331982
00341982
00351982
00361982
00371982
00381982
00391982
00401982
00411982
00421982
00431982
00441982
00451982
00461982
00471982
00481982
00491982
00501982
00511982
00521982
00531982
00541982
00551982
00561982
00571982
00581982
00591982
00601982
00611982
00621982
00631982
00641982
00651982
00661982
00671982
00681982
00691982
00701982
00711982
00721982
00731982
00741982
00751982
00761982
00771982
00781982
00791982
00801982
00811982
00821982
00831982
00841982
00851982
00861982
00871982
00881982
00891982
00901982
00911982
00921982
00931982
00941982
00951982
00961982
00971982
00981982
00991982
01001982
01011982
01021982
01031982
01041982
01051982
01061982
01071982
01081982
01091982
01101982
01111982
01121982
01131982
01141982
01151982
01161982
01171982
01181982
01191982
01201982
01211982
01221982
01231982
01241982
01251982
01261982
01271982
01281982
01291982
01301982
01311982
01321982
01331982
01341982
01351982
01361982
01371982
01381982
01391982
01401982
01411982
01421982
01431982
01441982
01451982
01461982
01471982
01481982
01491982
01501982
01511982
01521982
01531982
01541982
01551982
01561982
01571982
01581982
01591982
01601982
01611982
01621982
01631982
01641982
01651982
01661982
01671982
01681982
01691982
01701982
01711982
01721982
01731982
01741982
01751982
01761982
01771982
01781982
01791982
01801982
01811982
01821982
01831982
01841982
01851982
01861982
01871982
01881982
01891982
01901982
01911982
01921982
01931982
01941982
01951982
01961982
01971982
01981982
01991982
02001982
02011982
02021982
02031982
02041982
02051982
02061982
02071982
02081982
02091982
02101982
02111982
02121982
02131982
02141982
02151982
02161982
02171982
02181982
02191982
02201982
02211982
02221982
02231982
02241982
02251982
02261982
02271982
02281982
02291982
02301982
02311982
02321982
02331982
02341982
02351982
02361982
02371982
02381982
02391982
02401982
02411982
02421982
02431982
02441982
02451982
02461982
02471982
02481982
02491982
02501982
02511982
02521982
02531982
02541982
02551982
02561982
02571982
02581982
02591982
02601982
02611982
02621982
02631982
02641982
02651982
02661982
02671982
02681982
02691982
02701982
02711982
02721982
02731982
02741982
02751982
02761982
02771982
02781982
02791982
02801982
02811982
02821982
02831982
02841982
02851982
02861982
02871982
02881982
02891982
02901982
02911982
02921982
02931982
02941982
02951982
02961982
02971982
02981982
02991982
03001982
03011982
03021982
03031982
03041982
03051982
03061982
03071982
03081982
03091982
03101982
03111982
03121982
03131982
03141982
03151982
03161982
03171982
03181982
03191982
03201982
03211982
03221982
03231982
03241982
03251982
03261982
03271982
03281982
03291982
03301982
03311982
03321982
03331982
03341982
03351982
03361982
03371982
03381982
03391982
03401982
03411982
03421982
03431982
03441982
03451982
03461982
03471982
03481982
03491982
03501982
03511982
03521982
03531982
03541982
03551982
03561982
03571982
03581982
03591982
03601982
03611982
03621982
03631982
03641982
03651982
03661982
03671982
03681982
03691982
03701982
03711982
03721982
03731982
03741982
03751982
03761982
03771982
03781982
03791982
03801982
03811982
03821982
03831982
03841982
03851982
03861982
03871982
03881982
03891982
03901982
03911982
03921982
03931982
03941982
03951982
03961982
03971982
03981982
03991982
04001982
04011982
04021982
04031982
04041982
04051982
04061982
04071982
04081982
04091982
04101982
04111982
04121982
04131982
04141982
04151982
04161982
04171982
04181982
04191982
04201982
04211982
04221982
04231982
04241982
04251982
04261982
04271982
04281982
04291982
04301982
04311982
04321982
04331982
04341982
04351982
04361982
04371982
04381982
04391982
04401982
04411982
04421982
04431982
04441982
04451982
04461982
04471982
04481982
04491982
04501982
04511982
04521982
04531982
04541982
04551982
04561982
04571982
04581982
04591982
04601982
04611982
04621982
04631982
04641982
04651982
04661982
04671982
04681982
04691982
04701982
04711982
04721982
04731982
04741982
04751982
04761982
04771982
04781982
04791982
04801982
04811982
04821982
04831982
04841982
04851982
04861982
04871982
04881982
04891982
04901982
04911982
04921982
04931982
04941982
04951982
04961982
04971982
04981982
04991982
05001982
05011982
05021982
05031982
05041982
05051982
05061982
05071982
05081982
05091982
05101982
05111982
05121982
05131982
05141982
05151982
05161982
05171982
05181982
05191982
05201982
05211982
05221982
05231982
05241982
05251982
05261982
05271982
05281982
05291982
05301982
05311982
05321982
05331982
05341982
05351982
05361982
05371982
05381982
05391982
05401982
05411982
05421982
05431982
05441982
05451982
05461982
05471982
05481982
05491982
05501982
05511982
05521982
05531982
05541982
05551982
05561982
05571982
05581982
05591982
05601982
05611982
05621982
05631982
05641982
05651982
05661982
05671982
05681982
05691982
05701982
05711982
05721982
05731982
05741982
05751982
05761982
05771982
05781982
05791982
05801982
05811982
05821982
05831982
05841982
05851982
05861982
05871982
05881982
05891982
05901982
05911982
05921982
05931982
05941982
05951982
05961982
05971982
05981982
05991982
06001982
06011982
06021982
06031982
06041982
06051982
06061982
06071982
06081982
06091982
06101982
06111982
06121982
06131982
06141982
06151982
06161982
06171982
06181982
06191982
06201982
06211982
06221982
06231982
06241982
06251982
06261982
06271982
06281982
06291982
06301982
06311982
06321982
06331982
06341982
06351982
06361982
06371982
06381982
06391982
06401982
06411982
06421982
06431982
06441982
06451982
06461982
06471982
06481982
06491982
06501982
06511982
06521982
06531982
06541982
06551982
06561982
06571982
06581982
06591982
06601982
06611982
06621982
06631982
06641982
06651982
06661982
06671982
06681982
06691982
06701982
06711982
06721982
06731982
06741982
06751982
06761982
06771982
06781982
06791982
06801982
06811982
06821982
06831982
06841982
06851982
06861982
06871982
06881982
06891982
06901982
06911982
06921982
06931982
06941982
06951982
06961982
06971982
06981982
06991982
07001982
07011982
07021982
07031982
07041982
07051982
07061982
07071982
07081982
07091982
07101982
07111982
07121982
07131982
07141982
07151982
07161982
07171982
07181982
07191982
07201982
07211982
07221982
07231982
07241982
07251982
07261982
07271982
07281982
07291982
07301982
07311982
07321982
07331982
07341982
07351982
07361982
07371982
07381982
07391982
07401982
07411982
07421982
07431982
07441982
07451982
07461982
07471982
07481982
07491982
07501982
07511982
07521982
07531982
07541982
07551982
07561982
07571982
07581982
07591982
07601982
07611982
07621982
07631982
07641982
07651982
07661982
07671982
07681982
07691982
07701982
07711982
07721982
07731982
07741982
07751982
07761982
07771982
07781982
07791982
07801982
07811982
07821982
07831982
07841982
07851982
07861982
07871982
07881982
07891982
07901982
07911982
07921982
07931982
07941982
07951982
07961982
07971982
07981982
07991982
08001982
08011982
08021982
08031982
08041982
08051982
08061982
08071982
08081982
08091982
08101982
08111982
08121982
08131982
08141982
08151982
08161982
08171982
08181982
08191982
08201982
08211982
08221982
08231982
08241982
08251982
08261982
08271982
08281982
08291982
08301982
08311982
08321982
08331982
08341982
08351982
08361982
08371982
08381982
08391982
08401982
08411982
08421982
08431982
08441982
08451982
08461982
08471982
08481982
08491982
08501982
08511982
08521982
08531982
08541982
08551982
08561982
08571982
08581982
08591982
08601982
08611982
08621982
08631982
08641982
08651982
08661982
08671982
08681982
08691982
08701982
08711982
08721982
08731982
08741982
08751982
08761982
08771982
08781982
08791982
08801982
08811982
08821982
08831982
08841982
08851982
08861982
08871982
08881982
08891982
08901982
08911982
08921982
08931982
08941982
08951982
08961982
08971982
08981982
08991982
09001982
09011982
09021982
09031982
09041982
09051982
09061982
09071982
09081982
09091982
09101982
09111982
09121982
09131982
09141982
09151982
09161982
09171982
09181982
09191982
09201982
09211982
09221982
09231982
09241982
09251982
09261982
09271982
09281982
09291982
09301982
09311982
09321982
09331982
09341982
09351982
09361982
09371982
09381982
09391982
09401982
09411982
09421982
09431982
09441982
09451982
09461982
09471982
09481982
09491982
09501982
09511982
09521982
09531982
09541982
09551982
09561982
09571982
09581982
09591982
09601982
09611982
09621982
09631982
09641982
09651982
09661982
09671982
09681982
09691982
09701982
09711982
09721982
09731982
09741982
09751982
09761982
09771982
09781982
09791982
09801982
09811982
09821982
09831982
09841982
09851982
09861982
09871982
09881982
09891982
09901982
09911982
09921982
09931982
09941982
09951982
09961982
09971982
09981982
09991982
10001982
10011982
10021982
10031982
10041982
10051982
10061982
10071982
10081982
10091982
10101982
10111982
10121982
10131982
10141982
10151982
10161982
10171982
10181982
10191982
10201982
10211982
10221982
10231982
10241982
10251982
10261982
10271982
10281982
10291982
10301982
10311982
10321982
10331982
10341982
10351982
10361982
10371982
10381982
10391982
10401982
10411982
10421982
10431982
10441982
10451982
10461982
10471982
10481982
10491982
10501982
10511982
10521982
10531982
10541982
10551982
10561982
10571982
10581982
10591982
10601982
10611982
10621982
10631982
10641982
10651982
10661982
10671982
10681982
10691982
10701982
10711982
10721982
10731982
10741982
10751982
10761982
10771982
10781982
10791982
10801982
10811982
10821982
10831982
10841982
10851982
10861982
10871982
10881982
10891982
10901982
10911982
10921982
10931982
10941982
10951982
10961982
10971982
10981982
10991982
11001982
11011982
11021982
11031982
11041982
11051982
11061982
11071982
11081982
11091982
11101982
11111982
11121982
11131982
11141982
11151982
11161982
11171982
11181982
11191982
11201982
11211982
11221982
11231982
11241982
11251982
11261982
11271982
11281982
11291982
11301982
11311982
11321982
11331982
11341982
11351982
11361982
11371982
11381982
11391982
11401982
11411982
11421982
11431982
11441982
11451982
11461982
11471982
11481982
11491982
11501982
11511982
11521982
11531982
11541982
11551982
11561982
11571982
11581982
11591982
11601982
11611982
11621982
11631982
11641982
11651982
11661982
11671982
11681982
11691982
11701982
11711982
11721982
11731982
11741982
11751982
11761982
11771982
11781982
11791982
11801982
11811982
11821982
11831982
11841982
11851982
11861982
11871982
11881982
11891982
11901982
11911982
11921982
11931982
11941982
11951982
11961982
11971982
11981982
11991982
12001982
12011982
12021982
12031982
12041982
12051982
12061982
12071982
12081982
12091982
12101982
12111982
12121982
12131982
12141982
12151982
12161982
12171982
12181982
12191982
12201982
12211982
12221982
12231982
12241982
12251982
12261982
12271982
12281982
12291982
12301982
12311982
12321982
12331982
12341982
12351982
12361982
12371982
12381982
12391982
12401982
12411982
12421982
12431982
12441982
12451982
12461982
12471982
12481982
12491982
12501982
12511982
12521982
12531982
12541982
12551982
12561982
12571982
12581982
12591982
12601982
12611982
12621982
12631982
12641982
12651982
12661982
12671982
12681982
12691982
12701982
12711982
12721982
12731982
12741982
12751982
12761982
12771982
12781982
12791982
12801982
12811982
12821982
12831982
12841982
12851982
12861982
12871982
12881982
12891982
12901982
12911982
12921982
12931982
12941982
12951982
12961982
12971982
12981982
12991982
13001982
13011982
13021982
13031982
13041982
13051982
13061982
13071982
13081982
13091982
13101982
13111982
13121982
13131982
13141982
13151982
13161982
13171982
13181982
13191982
13201982
13211982
13221982
13231982
13241982
13251982
13261982
13271982
13281982
13291982
13301982
13311982
13321982
13331982
13341982
13351982
13361982
13371982
13381982
13391982
13401982
13411982
13421982
13431982
13441982
13451982
13461982
13471982
13481982
13491982
13501982
13511982
13521982
13531982
13541982
13551982
13561982
13571982
13581982
13591982
13601982
13611982
13621982
13631982
13641982
13651982
13661982
13671982
13681982
13691982
13701982
13711982
13721982
13731982
13741982
13751982
13761982
13771982
13781982
13791982
13801982
13811982
13821982
13831982
13841982
13851982
13861982
13871982
13881982
13891982
13901982
13911982
13921982
13931982
13941982
13951982
13961982
13971982
13981982
13991982
14001982
14011982
14021982
14031982
14041982
14051982
14061982
14071982
14081982
14091982
14101982
14111982
14121982
14131982
14141982
14151982
14161982
14171982
14181982
14191982
14201982
14211982
14221982
14231982
14241982
14251982
14261982
14271982
14281982
14291982
14301982
14311982
14321982
14331982
14341982
14351982
14361982
14371982
14381982
14391982
14401982
14411982
14421982
14431982
14441982
14451982
14461982
14471982
14481982
14491982
14501982
14511982
14521982
14531982
14541982
14551982
14561982
14571982
14581982
14591982
14601982
14611982
14621982
14631982
14641982
14651982
14661982
14671982
14681982
14691982
14701982
14711982
14721982
14731982
14741982
14751982
14761982
14771982
14781982
14791982
14801982
14811982
14821982
14831982
14841982
14851982
14861982
14871982
14881982
14891982
14901982
14911982
14921982
14931982
14941982
14951982
14961982
14971982
14981982
14991982
15001982
15011982
15021982
15031982
15041982
15051982
15061982
15071982
15081982
15091982
15101982
15111982
15121982
15131982
15141982
15151982
15161982
15171982
15181982
15191982
15201982
15211982
15221982
15231982
15241982
15251982
15261982
15271982
15281982
15291982
15301982
15311982
15321982
15331982
15341982
15351982
15361982
15371982
15381982
15391982
15401982
15411982
15421982
15431982
15441982
15451982
15461982
15471982
15481982
15491982
15501982
15511982
15521982
15531982
15541982
15551982
15561982
15571982
15581982
15591982
15601982
15611982
15621982
15631982
15641982
15651982
15661982
15671982
15681982
15691982
15701982
15711982
15721982
15731982
15741982
15751982
15761982
15771982
15781982
15791982
15801982
15811982
15821982
15831982
15841982
15851982
15861982
15871982
15881982
15891982
15901982
15911982
15921982
15931982
15941982
15951982
15961982
15971982
15981982
15991982
16001982
16011982
16021982
16031982
16041982
16051982
16061982
16071982
16081982
16091982
16101982
16111982
16121982
16131982
16141982
16151982
16161982
16171982
16181982
16191982
16201982
16211982
16221982
16231982
16241982
16251982
16261982
16271982
16281982
16291982
16301982
16311982
16321982
16331982
16341982
16351982
16361982
16371982
16381982
16391982
16401982
16411982
16421982
16431982
16441982
16451982
16461982
16471982
16481982
16491982
16501982
16511982
16521982
16531982
16541982
16551982
16561982
16571982
16581982
16591982
16601982
16611982
16621982
16631982
16641982
16651982
16661982
16671982
16681982
16691982
16701982
16711982
16721982
16731982
16741982
16751982
16761982
16771982
16781982
16791982
16801982
16811982
16821982
16831982
16841982
16851982
16861982
16871982
16881982
16891982
16901982
16911982
16921982
16931982
16941982
16951982
16961982
16971982
16981982
16991982
17001982
17011982
17021982
17031982
17041982
17051982
17061982
17071982
17081982
17091982
17101982
17111982
17121982
17131982
17141982
17151982
17161982
17171982
17181982
17191982
17201982
17211982
17221982
17231982
17241982
17251982
17261982
17271982
17281982
17291982
17301982
17311982
17321982
17331982
17341982
17351982
17361982
17371982
17381982
17391982
17401982
17411982
17421982
17431982
17441982
17451982
17461982
17471982
17481982
17491982
17501982
17511982
17521982
17531982
17541982
17551982
17561982
17571982
17581982
17591982
17601982
17611982
17621982
17631982
17641982
17651982
17661982
17671982
17681982
17691982
17701982
17711982
17721982
17731982
17741982
17751982
17761982
17771982
17781982
17791982
17801982
17811982
17821982
17831982
17841982
17851982
17861982
17871982
17881982
17891982
17901982
17911982
17921982
17931982
17941982
17951982
17961982
17971982
17981982
17991982
18001982
18011982
18021982
18031982
18041982
18051982
18061982
18071982
18081982
18091982
18101982
18111982
18121982
18131982
18141982
18151982
18161982
18171982
18181982
18191982
18201982
18211982
18221982
18231982
18241982
18251982
18261982
18271982
18281982
18291982
18301982
18311982
18321982
18331982
18341982
18351982
18361982
18371982
18381982
18391982
18401982
18411982
18421982
18431982
18441982
18451982
18461982
18471982
18481982
18491982
18501982
18511982
18521982
18531982
18541982
18551982
18561982
18571982
18581982
18591982
18601982
18611982
18621982
18631982
18641982
18651982
18661982
18671982
18681982
18691982
18701982
18711982
18721982
18731982
18741982
18751982
18761982
18771982
18781982
18791982
18801982
18811982
18821982
18831982
18841982
18851982
18861982
18871982
18881982
18891982
18901982
18911982
18921982
18931982
18941982
18951982
18961982
18971982
18981982
18991982
19001982
19011982
19021982
19031982
19041982
19051982
19061982
19071982
19081982
19091982
19101982
19111982
19121982
19131982
19141982
19151982
19161982
19171982
19181982
19191982
19201982
19211982
19221982
19231982
19241982
19251982
19261982
19271982
19281982
19291982
19301982
19311982
19321982
19331982
19341982
19351982
19361982
19371982
19381982
19391982
19401982
19411982
19421982
19431982
19441982
19451982
19461982
19471982
19481982
19491982
19501982
19511982
19521982
19531982
19541982
19551982
19561982
19571982
19581982
19591982
19601982
19611982
19621982
19631982
19641982
19651982
19661982
19671982
19681982
19691982
19701982
19711982
19721982
19731982
19741982
19751982
19761982
19771982
19781982
19791982
19801982
19811982
19821982
19831982
19841982
19851982
19861982
19871982
19881982
19891982
19901982
19911982
19921982
19931982
19941982
19951982
19961982
19971982
19981982
19991982
20001982
20011982
20021982
20031982
20041982
20051982
20061982
20071982
20081982
20091982
20101982
20111982
20121982
20131982
20141982
20151982
20161982
20171982
20181982
20191982
20201982
20211982
20221982
20231982
20241982
20251982
20261982
20271982
20281982
20291982
20301982
20311982
20321982
20331982
20341982
20351982
20361982
20371982
20381982
20391982
20401982
20411982
20421982
20431982
20441982
20451982
20461982
20471982
20481982
20491982
20501982
20511982
20521982
20531982
20541982
20551982
20561982
20571982
20581982
20591982
20601982
20611982
20621982
20631982
20641982
20651982
20661982
20671982
20681982
20691982
20701982
20711982
20721982
20731982
20741982
20751982
20761982
20771982
20781982
20791982
20801982
20811982
20821982
20831982
20841982
20851982
20861982
20871982
20881982
20891982
20901982
20911982
20921982
20931982
20941982
20951982
20961982
20971982
20981982
20991982
21001982
21011982
21021982
21031982
21041982
21051982
21061982
21071982
21081982
21091982
21101982
21111982
21121982
21131982
21141982
21151982
21161982
21171982
21181982
21191982
21201982
21211982
21221982
21231982
21241982
21251982
21261982
21271982
21281982
21291982
21301982
21311982
21321982
21331982
21341982
21351982
21361982
21371982
21381982
21391982
21401982
21411982
21421982
21431982
21441982
21451982
21461982
21471982
21481982
21491982
21501982
21511982
21521982
21531982
21541982
21551982
21561982
21571982
21581982
21591982
21601982
21611982
21621982
21631982
21641982
21651982
21661982
21671982
21681982
21691982
21701982
21711982
21721982
21731982
21741982
21751982
21761982
21771982
21781982
21791982
21801982
21811982
21821982
21831982
21841982
21851982
21861982
21871982
21881982
21891982
21901982
21911982
21921982
21931982
21941982
21951982
21961982
21971982
21981982
21991982
22001982
22011982
22021982
22031982
22041982
22051982
22061982
22071982
22081982
22091982
22101982
22111982
22121982
22131982
22141982
22151982
22161982
22171982
22181982
22191982
22201982
22211982
22221982
22231982
22241982
22251982
22261982
22271982
22281982
22291982
22301982
22311982
22321982
22331982
22341982
22351982
22361982
22371982
22381982
22391982
22401982
22411982
22421982
22431982
22441982
22451982
22461982
22471982
22481982
22491982
22501982
22511982
22521982
22531982
22541982
22551982
22561982
22571982
22581982
22591982
22601982
22611982
22621982
22631982
22641982
22651982
22661982
22671982
22681982
22691982
22701982
22711982
22721982
22731982
22741982
22751982
22761982
22771982
22781982
22791982
22801982
22811982
22821982
22831982
22841982
22851982
22861982
22871982
22881982
22891982
22901982
22911982
22921982
22931982
22941982
22951982
22961982
22971982
22981982
22991982
23001982
23011982
23021982
23031982
23041982
23051982
23061982
23071982
23081982
23091982
23101982
23111982
23121982
23131982
23141982
23151982
23161982
23171982
23181982
23191982
23201982
23211982
23221982
23231982
23241982
23251982
23261982
23271982
23281982
23291982
23301982
23311982
23321982
23331982
23341982
23351982
23361982
23371982
23381982
23391982
23401982
23411982
23421982
23431982
23441982
23451982
23461982
23471982
23481982
23491982
23501982
23511982
23521982
23531982
23541982
23551982
23561982
23571982
23581982
23591982
23601982
23611982
23621982
23631982
23641982
23651982
23661982
23671982
23681982
23691982
23701982
23711982
23721982
23731982
23741982
23751982
23761982
23771982
23781982
23791982
23801982
23811982
23821982
23831982
23841982
23851982
23861982
23871982
23881982
23891982
23901982
23911982
23921982
23931982
23941982
23951982
23961982
23971982
23981982
23991982
24001982
24011982
24021982
24031982
24041982
24051982
24061982
24071982
24081982
24091982
24101982
24111982
24121982
24131982
24141982
24151982
24161982
24171982
24181982
24191982
24201982
24211982
24221982
24231982
24241982
24251982
24261982
24271982
24281982
24291982
24301982
24311982
24321982
24331982
24341982
24351982
24361982
24371982
24381982
24391982
24401982
24411982
24421982
24431982
24441982
24451982
24461982
24471982
24481982
24491982
24501982
24511982
24521982
24531982
24541982
24551982
24561982
24571982
24581982
24591982
24601982
24611982
24621982
24631982
24641982
24651982
24661982
24671982
24681982
24691982
24701982
24711982
24721982
24731982
24741982
24751982
24761982
24771982
24781982
24791982
24801982
24811982
24821982
24831982
24841982
24851982
24861982
24871982
24881982
24891982
24901982
24911982
24921982
24931982
24941982
24951982
24961982
24971982
24981982
24991982
25001982
25011982
25021982
25031982
25041982
25051982
25061982
25071982
25081982
25091982
25101982
25111982
25121982
25131982
25141982
25151982
25161982
25171982
25181982
25191982
25201982
25211982
25221982
25231982
25241982
25251982
25261982
25271982
25281982
25291982
25301982
25311982
25321982
25331982
25341982
25351982
25361982
25371982
25381982
25391982
25401982
25411982
25421982
25431982
25441982
25451982
25461982
25471982
25481982
25491982
25501982
25511982
25521982
25531982
25541982
25551982
25561982
25571982
25581982
25591982
25601982
25611982
25621982
25631982
25641982
25651982
25661982
25671982
25681982
25691982
25701982
25711982
25721982
25731982
25741982
25751982
25761982
25771982
25781982
25791982
25801982
25811982
25821982
25831982
25841982
25851982
25861982
25871982
25881982
25891982
25901982
25911982
25921982
25931982
25941982
25951982
25961982
25971982
25981982
25991982
26001982
26011982
26021982
26031982
26041982
26051982
26061982
26071982
26081982
26091982
26101982
26111982
26121982
26131982
26141982
26151982
26161982
26171982
26181982
26191982
26201982
26211982
26221982
26231982
26241982
26251982
26261982
26271982
26281982
26291982
26301982
26311982
26321982
26331982
26341982
26351982
26361982
26371982
26381982
26391982
26401982
26411982
26421982
26431982
26441982
26451982
26461982
26471982
26481982
26491982
26501982
26511982
26521982
26531982
26541982
26551982
26561982
26571982
26581982
26591982
26601982
26611982
26621982
26631982
26641982
26651982
26661982
26671982
26681982
26691982
26701982
26711982
26721982
26731982
26741982
26751982
26761982
26771982
26781982
26791982
26801982
26811982
26821982
26831982
26841982
26851982
26861982
26871982
26881982
26891982
26901982
26911982
26921982
26931982
26941982
26951982
26961982
26971982
26981982
26991982
27001982
27011982
27021982
27031982
27041982
27051982
27061982
27071982
27081982
27091982
27101982
27111982
27121982
27131982
27141982
27151982
27161982
27171982
27181982
27191982
27201982
27211982
27221982
27231982
27241982
27251982
27261982
27271982
27281982
27291982
27301982
27311982
27321982
27331982
27341982
27351982
27361982
27371982
27381982
27391982
27401982
27411982
27421982
27431982
27441982
27451982
27461982
27471982
27481982
27491982
27501982
27511982
27521982
27531982
27541982
27551982
27561982
27571982
27581982
27591982
27601982
27611982
27621982
27631982
27641982
27651982
27661982
27671982
27681982
27691982
27701982
27711982
27721982
27731982
27741982
27751982
27761982
27771982
27781982
27791982
27801982
27811982
27821982
27831982
27841982
27851982
27861982
27871982
27881982
27891982
27901982
27911982
27921982
27931982
27941982
27951982
27961982
27971982
27981982
27991982
28001982
28011982
28021982
28031982
28041982
28051982
28061982
28071982
28081982
28091982
28101982
28111982
28121982
28131982
28141982
28151982
28161982
28171982
28181982
28191982
28201982
28211982
28221982
28231982
28241982
28251982
28261982
28271982
28281982
28291982
28301982
28311982
28321982
28331982
28341982
28351982
28361982
28371982
28381982
28391982
28401982
28411982
28421982
28431982
28441982
28451982
28461982
28471982
28481982
28491982
28501982
28511982
28521982
28531982
28541982
28551982
28561982
28571982
28581982
28591982
28601982
28611982
28621982
28631982
28641982
28651982
28661982
28671982
28681982
28691982
28701982
28711982
28721982
28731982
28741982
28751982
28761982
28771982
28781982
28791982
28801982
28811982
28821982
28831982
28841982
28851982
28861982
28871982
28881982
28891982
28901982
28911982
28921982
28931982
28941982
28951982
28961982
28971982
28981982
28991982
29001982
29011982
29021982
29031982
29041982
29051982
29061982
29071982
29081982
29091982
29101982
29111982
29121982
29131982
29141982
29151982
29161982
29171982
29181982
29191982
29201982
29211982
29221982
29231982
29241982
29251982
29261982
29271982
29281982
29291982
29301982
29311982
29321982
29331982
29341982
29351982
29361982
29371982
29381982
29391982
29401982
29411982
29421982
29431982
29441982
29451982
29461982
29471982
29481982
29491982
29501982
29511982
29521982
29531982
29541982
29551982
29561982
29571982
29581982
29591982
29601982
29611982
29621982
29631982
29641982
29651982
29661982
29671982
29681982
29691982
29701982
29711982
29721982
29731982
29741982
29751982
29761982
29771982
29781982
29791982
29801982
29811982
29821982
29831982
29841982
29851982
29861982
29871982
29881982
29891982
29901982
29911982
29921982
29931982
29941982
29951982
29961982
29971982
29981982
29991982
30001982
30011982
30021982
30031982
30041982
30051982
30061982
30071982
30081982
30091982
30101982
30111982
30121982
30131982
30141982
30151982
30161982
30171982
30181982
30191982
30201982
30211982
30221982
30231982
30241982
30251982
30261982
30271982
30281982
30291982
30301982
30311982
30321982
30331982
30341982
30351982
30361982
30371982
30381982
30391982
30401982
30411982
30421982
30431982
30441982
30451982
30461982
30471982
30481982
30491982
30501982
30511982
30521982
30531982
30541982
30551982
30561982
30571982
30581982
30591982
30601982
30611982
30621982
30631982
30641982
30651982
30661982
30671982
30681982
30691982
30701982
30711982
30721982
30731982
30741982
30751982
30761982
30771982
30781982
30791982
30801982
30811982
30821982
30831982
30841982
30851982
30861982
30871982
30881982
30891982
30901982
30911982
30921982
30931982
30941982
30951982
30961982
30971982
30981982
30991982
31001982
31011982
31021982
31031982
31041982
31051982
31061982
31071982
31081982
31091982
31101982
31111982
31121982
31131982
31141982
31151982
31161982
31171982
31181982
31191982
31201982
31211982
31221982
31231982
31241982
31251982
31261982
31271982
31281982
31291982
31301982
31311982
31321982
31331982
31341982
31351982
31361982
31371982
31381982
31391982
31401982
31411982
31421982
31431982
31441982
31451982
31461982
31471982
31481982
31491982
31501982
31511982
31521982
31531982
31541982
31551982
31561982
31571982
31581982
31591982
31601982
31611982
31621982
31631982
31641982
31651982
31661982
31671982
31681982
31691982
31701982
31711982
31721982
31731982
31741982
31751982
31761982
31771982
31781982
31791982
31801982
31811982
31821982
31831982
31841982
31851982
31861982
31871982
31881982
31891982
31901982
31911982
31921982
31931982
31941982
31951982
31961982
31971982
31981982
31991982
32001982
32011982
32021982
32031982
32041982
32051982
32061982
32071982
32081982
32091982
32101982
32111982
32121982
32131982
32141982
32151982
32161982
32171982
32181982
32191982
32201982
32211982
32221982
32231982
32241982
32251982
32261982
32271982
32281982
32291982
32301982
32311982
32321982
32331982
32341982
32351982
32361982
32371982
32381982
32391982
32401982
32411982
32421982
32431982
32441982
32451982
32461982
32471982
32481982
32491982
32501982
32511982
32521982
32531982
32541982
32551982
32561982
32571982
32581982
32591982
32601982
32611982
32621982
32631982
32641982
32651982
32661982
32671982
32681982
32691982
32701982
32711982
32721982
32731982
32741982
32751982
32761982
32771982
32781982
32791982
32801982
32811982
32821982
32831982
32841982
32851982
32861982
32871982
32881982
32891982
32901982
32911982
32921982
32931982
32941982
32951982
32961982
32971982
32981982
32991982
33001982
33011982
33021982
33031982
33041982
33051982
33061982
33071982
33081982
33091982
33101982
33111982
33121982
33131982
33141982
33151982
33161982
33171982
33181982
33191982
33201982
33211982
33221982
33231982
33241982
33251982
33261982
33271982
33281982
33291982
33301982
33311982
33321982
33331982
33341982
33351982
33361982
33371982
33381982
33391982
33401982
33411982
33421982
33431982
33441982
33451982
33461982
33471982
33481982
33491982
33501982
33511982
33521982
33531982
33541982
33551982
33561982
33571982
33581982
33591982
33601982
33611982
33621982
33631982
33641982
33651982
33661982
33671982
33681982
33691982
33701982
33711982
33721982
33731982
33741982
33751982
33761982
33771982
33781982
33791982
33801982
33811982
33821982
33831982
33841982
33851982
33861982
33871982
33881982
33891982
33901982
33911982
33921982
33931982
33941982
33951982
33961982
33971982
33981982
33991982
34001982
34011982
34021982
34031982
34041982
34051982
34061982
34071982
34081982
34091982
34101982
34111982
34121982
34131982
34141982
34151982
34161982
34171982
34181982
34191982
34201982
34211982
34221982
34231982
34241982
34251982
34261982
34271982
34281982
34291982
34301982
34311982
34321982
34331982
34341982
34351982
34361982
34371982
34381982
34391982
34401982
34411982
34421982
34431982
34441982
34451982
34461982
34471982
34481982
34491982
34501982
34511982
34521982
34531982
34541982
34551982
34561982
34571982
34581982
34591982
34601982
34611982
34621982
34631982
34641982
34651982
34661982
34671982
34681982
34691982
34701982
34711982
34721982
34731982
34741982
34751982
34761982
34771982
34781982
34791982
34801982
34811982
34821982
34831982
34841982
34851982
34861982
34871982
34881982
34891982
34901982
34911982
34921982
34931982
34941982
34951982
34961982
34971982
34981982
34991982
35001982
35011982
35021982
35031982
35041982
35051982
35061982
35071982
35081982
35091982
35101982
35111982
35121982
35131982
35141982
35151982
35161982
35171982
35181982
35191982
35201982
35211982
35221982
35231982
35241982
35251982
35261982
35271982
35281982
35291982
35301982
35311982
35321982
35331982
35341982
35351982
35361982
35371982
35381982
35391982
35401982
35411982
35421982
35431982
35441982
35451982
35461982
35471982
35481982
35491982
35501982
35511982
35521982
35531982
35541982
35551982
35561982
35571982
35581982
35591982
35601982
35611982
35621982
35631982
35641982
35651982
35661982
35671982
35681982
35691982
35701982
35711982
35721982
35731982
35741982
35751982
35761982
35771982
35781982
35791982
35801982
35811982
35821982
35831982
35841982
35851982
35861982
35871982
35881982
35891982
35901982
35911982
35921982
35931982
35941982
35951982
35961982
35971982
35981982
35991982
36001982
36011982
36021982
36031982
36041982
36051982
36061982
36071982
36081982
36091982
36101982
36111982
36121982
36131982
36141982
36151982
36161982
36171982
36181982
36191982
36201982
36211982
36221982
36231982
36241982
36251982
36261982
36271982
36281982
36291982
36301982
36311982
36321982
36331982
36341982
36351982
36361982
36371982
36381982
36391982
36401982
36411982
36421982
36431982
36441982
36451982
36461982
36471982
36481982
36491982
36501982
36511982
36521982
36531982
36541982
36551982
36561982
36571982
36581982
36591982
36601982
36611982
36621982
36631982
36641982
36651982
36661982
36671982
36681982
36691982
36701982
36711982
36721982
36731982
36741982
36751982
36761982
36771982
36781982
36791982
36801982
36811982
36821982
36831982
36841982
36851982
36861982
36871982
36881982
36891982
36901982
36911982
36921982
36931982
36941982
36951982
36961982
36971982
36981982
36991982
37001982
37011982
37021982
37031982
37041982
37051982
37061982
37071982
37081982
37091982
37101982
37111982
37121982
37131982
37141982
37151982
37161982
37171982
37181982
37191982
37201982
37211982
37221982
37231982
37241982
37251982
37261982
37271982
37281982
37291982
37301982
37311982
37321982
37331982
37341982
37351982
37361982
37371982
37381982
37391982
37401982
37411982
37421982
37431982
37441982
37451982
37461982
37471982
37481982
37491982
37501982
37511982
37521982
37531982
37541982
37551982
37561982
37571982
37581982
37591982
37601982
37611982
37621982
37631982
37641982
37651982
37661982
37671982
37681982
37691982
37701982
37711982
37721982
37731982
37741982
37751982
37761982
37771982
37781982
37791982
37801982
37811982
37821982
37831982
37841982
37851982
37861982
37871982
37881982
37891982
37901982
37911982
37921982
37931982
37941982
37951982
37961982
37971982
37981982
37991982
38001982
38011982
38021982
38031982
38041982
38051982
38061982
38071982
38081982
38091982
38101982
38111982
38121982
38131982
38141982
38151982
38161982
38171982
38181982
38191982
38201982
38211982
38221982
38231982
38241982
38251982
38261982
38271982
38281982
38291982
38301982
38311982
38321982
38331982
38341982
38351982
38361982
38371982
38381982
38391982
38401982
38411982
38421982
38431982
38441982
38451982
38461982
38471982
38481982
38491982
38501982
38511982
38521982
38531982
38541982
38551982
38561982
38571982
38581982
38591982
38601982
38611982
38621982
38631982
38641982
38651982
38661982
38671982
38681982
38691982
38701982
38711982
38721982
38731982
38741982
38751982
38761982
38771982
38781982
38791982
38801982
38811982
38821982
38831982
38841982
38851982
38861982
38871982
38881982
38891982
38901982
38911982
38921982
38931982
38941982
38951982
38961982
38971982
38981982
38991982
39001982
39011982
39021982
39031982
39041982
39051982
39061982
39071982
39081982
39091982
39101982
39111982
39121982
39131982
39141982
39151982
39161982
39171982
39181982
39191982
39201982
39211982
39221982
39231982
39241982
39251982
39261982
39271982
39281982
39291982
39301982
39311982
39321982
39331982
39341982
39351982
39361982
39371982
39381982
39391982
39401982
39411982
39421982
39431982
39441982
39451982
39461982
39471982
39481982
39491982
39501982
39511982
39521982
39531982
39541982
39551982
39561982
39571982
39581982
39591982
39601982
39611982
39621982
39631982
39641982
39651982
39661982
39671982
39681982
39691982
39701982
39711982
39721982
39731982
39741982
39751982
39761982
39771982
39781982
39791982
39801982
39811982
39821982
39831982
39841982
39851982
39861982
39871982
39881982
39891982
39901982
39911982
39921982
39931982
39941982
39951982
39961982
39971982
39981982
39991982
40001982
40011982
40021982
40031982
40041982
40051982
40061982
40071982
40081982
40091982
40101982
40111982
40121982
40131982
40141982
40151982
40161982
40171982
40181982
40191982
40201982
40211982
40221982
40231982
40241982
40251982
40261982
40271982
40281982
40291982
40301982
40311982
40321982
40331982
40341982
40351982
40361982
40371982
40381982
40391982
40401982
40411982
40421982
40431982
40441982
40451982
40461982
40471982
40481982
40491982
40501982
40511982
40521982
40531982
40541982
40551982
40561982
40571982
40581982
40591982
40601982
40611982
40621982
40631982
40641982
40651982
40661982
40671982
40681982
40691982
40701982
40711982
40721982
40731982
40741982
40751982
40761982
40771982
40781982
40791982
40801982
40811982
40821982
40831982
40841982
40851982
40861982
40871982
40881982
40891982
40901982
40911982
40921982
40931982
40941982
40951982
40961982
40971982
40981982
40991982
41001982
41011982
41021982
41031982
41041982
41051982
41061982
41071982
41081982
41091982
41101982
41111982
41121982
41131982
41141982
41151982
41161982
41171982
41181982
41191982
41201982
41211982
41221982
41231982
41241982
41251982
41261982
41271982
41281982
41291982
41301982
41311982
41321982
41331982
41341982
41351982
41361982
41371982
41381982
41391982
41401982
41411982
41421982
41431982
41441982
41451982
41461982
41471982
41481982
41491982
41501982
41511982
41521982
41531982
41541982
41551982
41561982
41571982
41581982
41591982
41601982
41611982
41621982
41631982
41641982
41651982
41661982
41671982
41681982
41691982
41701982
41711982
41721982
41731982
41741982
41751982
41761982
41771982
41781982
41791982
41801982
41811982
41821982
41831982
41841982
41851982
41861982
41871982
41881982
41891982
41901982
41911982
41921982
41931982
41941982
41951982
41961982
41971982
41981982
41991982
42001982
42011982
42021982
42031982
42041982
42051982
42061982
42071982
42081982
42091982
42101982
42111982
42121982
42131982
42141982
42151982
42161982
42171982
42181982
42191982
42201982
42211982
42221982
42231982
42241982
42251982
42261982
42271982
42281982
42291982
42301982
42311982
42321982
42331982
42341982
42351982
42361982
42371982
42381982
42391982
42401982
42411982
42421982
42431982
42441982
42451982
42461982
42471982
42481982
42491982
42501982
42511982
42521982
42531982
42541982
42551982
42561982
42571982
42581982
42591982
42601982
42611982
42621982
42631982
42641982
42651982
42661982
42671982
42681982
42691982
42701982
42711982
42721982
42731982
42741982
42751982
42761982
42771982
42781982
42791982
42801982
42811982
42821982
42831982
42841982
42851982
42861982
42871982
42881982
42891982
42901982
42911982
42921982
42931982
42941982
42951982
42961982
42971982
42981982
42991982
43001982
43011982
43021982
43031982
43041982
43051982
43061982
43071982
43081982
43091982
43101982
43111982
43121982
43131982
43141982
43151982
43161982
43171982
43181982
43191982
43201982
43211982
43221982
43231982
43241982
43251982
43261982
43271982
43281982
43291982
43301982
43311982
43321982
43331982
43341982
43351982
43361982
43371982
43381982
43391982
43401982
43411982
43421982
43431982
43441982
43451982
43461982
43471982
43481982
43491982
43501982
43511982
43521982
43531982
43541982
43551982
43561982
43571982
43581982
43591982
43601982
43611982
43621982
43631982
43641982
43651982
43661982
43671982
43681982
43691982
43701982
43711982
43721982
43731982
43741982
43751982
43761982
43771982
43781982
43791982
43801982
43811982
43821982
43831982
43841982
43851982
43861982
43871982
43881982
43891982
43901982
43911982
43921982
43931982
43941982
43951982
43961982
43971982
43981982
43991982
44001982
44011982
44021982
44031982
44041982
44051982
44061982
44071982
44081982
44091982
44101982
44111982
44121982
44131982
44141982
44151982
44161982
44171982
44181982
44191982
44201982
44211982
44221982
44231982
44241982
44251982
44261982
44271982
44281982
44291982
44301982
44311982
44321982
44331982
44341982
44351982
44361982
44371982
44381982
44391982
44401982
44411982
44421982
44431982
44441982
44451982
44461982
44471982
44481982
44491982
44501982
44511982
44521982
44531982
44541982
44551982
44561982
44571982
44581982
44591982
44601982
44611982
44621982
44631982
44641982
44651982
44661982
44671982
44681982
44691982
44701982
44711982
44721982
44731982
44741982
44751982
44761982
44771982
44781982
44791982
44801982
44811982
44821982
44831982
44841982
44851982
44861982
44871982
44881982
44891982
44901982
44911982
44921982
44931982
44941982
44951982
44961982
44971982
44981982
44991982
45001982
45011982
45021982
45031982
45041982
45051982
45061982
45071982
45081982
45091982
45101982
45111982
45121982
45131982
45141982
45151982
45161982
45171982
45181982
45191982
45201982
45211982
45221982
45231982
45241982
45251982
45261982
45271982
45281982
45291982
45301982
45311982
45321982
45331982
45341982
45351982
45361982
45371982
45381982
45391982
45401982
45411982
45421982
45431982
45441982
45451982
45461982
45471982
45481982
45491982
45501982
45511982
45521982
45531982
45541982
45551982
45561982
45571982
45581982
45591982
45601982
45611982
45621982
45631982
45641982
45651982
45661982
45671982
45681982
45691982
45701982
45711982
45721982
45731982
45741982
45751982
45761982
45771982
45781982
45791982
45801982
45811982
45821982
45831982
45841982
45851982
45861982
45871982
45881982
45891982
45901982
45911982
45921982
45931982
45941982
45951982
45961982
45971982
45981982
45991982
46001982
46011982
46021982
46031982
46041982
46051982
46061982
46071982
46081982
46091982
46101982
46111982
46121982
46131982
46141982
46151982
46161982
46171982
46181982
46191982
46201982
46211982
46221982
46231982
46241982
46251982
46261982
46271982
46281982
46291982
46301982
46311982
46321982
46331982
46341982
46351982
46361982
46371982
46381982
46391982
46401982
46411982
46421982
46431982
46441982
46451982
46461982
46471982
46481982
46491982
46501982
46511982
46521982
46531982
46541982
46551982
46561982
46571982
46581982
46591982
46601982
46611982
46621982
46631982
46641982
46651982
46661982
46671982
46681982
46691982
46701982
46711982
46721982
46731982
46741982
46751982
46761982
46771982
46781982
46791982
46801982
46811982
46821982
46831982
46841982
46851982
46861982
46871982
46881982
46891982
46901982
46911982
46921982
46931982
46941982
46951982
46961982
46971982
46981982
46991982
47001982
47011982
47021982
47031982
47041982
47051982
47061982
47071982
47081982
47091982
47101982
47111982
47121982
47131982
47141982
47151982
47161982
47171982
47181982
47191982
47201982
47211982
47221982
47231982
47241982
47251982
47261982
47271982
47281982
47291982
47301982
47311982
47321982
47331982
47341982
47351982
47361982
47371982
47381982
47391982
47401982
47411982
47421982
47431982
47441982
47451982
47461982
47471982
47481982
47491982
47501982
47511982
47521982
47531982
47541982
47551982
47561982
47571982
47581982
47591982
47601982
47611982
47621982
47631982
47641982
47651982
47661982
47671982
47681982
47691982
47701982
47711982
47721982
47731982
47741982
47751982
47761982
47771982
47781982
47791982
47801982
47811982
47821982
47831982
47841982
47851982
47861982
47871982
47881982
47891982
47901982
47911982
47921982
47931982
47941982
47951982
47961982
47971982
47981982
47991982
48001982
48011982
48021982
48031982
48041982
48051982
48061982
48071982
48081982
48091982
48101982
48111982
48121982
48131982
48141982
48151982
48161982
48171982
48181982
48191982
48201982
48211982
48221982
48231982
48241982
48251982
48261982
48271982
48281982
48291982
48301982
48311982
48321982
48331982
48341982
48351982
48361982
48371982
48381982
48391982
48401982
48411982
48421982
48431982
48441982
48451982
48461982
48471982
48481982
48491982
48501982
48511982
48521982
48531982
48541982
48551982
48561982
48571982
48581982
48591982
48601982
48611982
48621982
48631982
48641982
48651982
48661982
48671982
48681982
48691982
48701982
48711982
48721982
48731982
48741982
48751982
48761982
48771982
48781982
48791982
48801982
48811982
48821982
48831982
48841982
48851982
48861982
48871982
48881982
48891982
48901982
48911982
48921982
48931982
48941982
48951982
48961982
48971982
48981982
48991982
49001982
49011982
49021982
49031982
49041982
49051982
49061982
49071982
49081982
49091982
49101982
49111982
49121982
49131982
49141982
49151982
49161982
49171982
49181982
49191982
49201982
49211982
49221982
49231982
49241982
49251982
49261982
49271982
49281982
49291982
49301982
49311982
49321982
49331982
49341982
49351982
49361982
49371982
49381982
49391982
49401982
49411982
49421982
49431982
49441982
49451982
49461982
49471982
49481982
49491982
49501982
49511982
49521982
49531982
49541982
49551982
49561982
49571982
49581982
49591982
49601982
49611982
49621982
49631982
49641982
49651982
49661982
49671982
49681982
49691982
49701982
49711982
49721982
49731982
49741982
49751982
49761982
49771982
49781982
49791982
49801982
49811982
49821982
49831982
49841982
49851982
49861982
49871982
49881982
49891982
49901982
49911982
49921982
49931982
49941982
49951982
49961982
49971982
49981982
49991982
50001982
50011982
50021982
50031982
50041982
50051982
50061982
50071982
50081982
50091982
50101982
50111982
50121982
50131982
50141982
50151982
50161982
50171982
50181982
50191982
50201982
50211982
50221982
50231982
50241982
50251982
50261982
50271982
50281982
50291982
50301982
50311982
50321982
50331982
50341982
50351982
50361982
50371982
50381982
50391982
50401982
50411982
50421982
50431982
50441982
50451982
50461982
50471982
50481982
50491982
50501982
50511982
50521982
50531982
50541982
50551982
50561982
50571982
50581982
50591982
50601982
50611982
50621982
50631982
50641982
50651982
50661982
50671982
50681982
50691982
50701982
50711982
50721982
50731982
50741982
50751982
50761982
50771982
50781982
50791982
50801982
50811982
50821982
50831982
50841982
50851982
50861982
50871982
50881982
50891982
50901982
50911982
50921982
50931982
50941982
50951982
50961982
50971982
50981982
50991982
51001982
51011982
51021982
51031982
51041982
51051982
51061982
51071982
51081982
51091982
51101982
51111982
51121982
51131982
51141982
51151982
51161982
51171982
51181982
51191982
51201982
51211982
51221982
51231982
51241982
51251982
51261982
51271982
51281982
51291982
51301982
51311982
51321982
51331982
51341982
51351982
51361982
51371982
51381982
51391982
51401982
51411982
51421982
51431982
51441982
51451982
51461982
51471982
51481982
51491982
51501982
51511982
51521982
51531982
51541982
51551982
51561982
51571982
51581982
51591982
51601982
51611982
51621982
51631982
51641982
51651982
51661982
51671982
51681982
51691982
51701982
51711982
51721982
51731982
51741982
51751982
51761982
51771982
51781982
51791982
51801982
51811982
51821982
51831982
51841982
51851982
51861982
51871982
51881982
51891982
51901982
51911982
51921982
51931982
51941982
51951982
51961982
51971982
51981982
51991982
52001982
52011982
52021982
52031982
52041982
52051982
52061982
52071982
52081982
52091982
52101982
52111982
52121982
52131982
52141982
52151982
52161982
52171982
52181982
52191982
52201982
52211982
52221982
52231982
52241982
52251982
52261982
52271982
52281982
52291982
52301982
52311982
52321982
52331982
52341982
52351982
52361982
52371982
52381982
52391982
52401982
52411982
52421982
52431982
52441982
52451982
52461982
52471982
52481982
52491982
52501982
52511982
52521982
52531982
52541982
52551982
52561982
52571982
52581982
52591982
52601982
52611982
52621982
52631982
52641982
52651982
52661982
52671982
52681982
52691982
52701982
52711982
52721982
52731982
52741982
52751982
52761982
52771982
52781982
52791982
52801982
52811982
52821982
52831982
52841982
52851982
52861982
52871982
52881982
52891982
52901982
52911982
52921982
52931982
52941982
52951982
52961982
52971982
52981982
52991982
53001982
53011982
53021982
53031982
53041982
53051982
53061982
53071982
53081982
53091982
53101982
53111982
53121982
53131982
53141982
53151982
53161982
53171982
53181982
53191982
53201982
53211982
53221982
53231982
53241982
53251982
53261982
53271982
53281982
53291982
53301982
53311982
53321982
53331982
53341982
53351982
53361982
53371982
53381982
53391982
53401982
53411982
53421982
53431982
53441982
53451982
53461982
53471982
53481982
53491982
53501982
53511982
53521982
53531982
53541982
53551982
53561982
53571982
53581982
53591982
53601982
53611982
53621982
53631982
53641982
53651982
53661982
53671982
53681982
53691982
53701982
53711982
53721982
53731982
53741982
53751982
53761982
53771982
53781982
53791982
53801982
53811982
53821982
53831982
53841982
53851982
53861982
53871982
53881982
53891982
53901982
53911982
53921982
53931982
53941982
53951982
53961982
53971982
53981982
53991982
54001982
54011982
54021982
54031982
54041982
54051982
54061982
54071982
54081982
54091982
54101982
54111982
54121982
54131982
54141982
54151982
54161982
54171982
54181982
54191982
54201982
54211982
54221982
54231982
54241982
54251982
54261982
54271982
54281982
54291982
54301982
54311982
54321982
54331982
54341982
54351982
54361982
54371982
54381982
54391982
54401982
54411982
54421982
54431982
54441982
54451982
54461982
54471982
54481982
54491982
54501982
54511982
54521982
54531982
54541982
54551982
54561982
54571982
54581982
54591982
54601982
54611982
54621982
54631982
54641982
54651982
54661982
54671982
54681982
54691982
54701982
54711982
54721982
54731982
54741982
54751982
54761982
54771982
54781982
54791982
54801982
54811982
54821982
54831982
54841982
54851982
54861982
54871982
54881982
54891982
54901982
54911982
54921982
54931982
54941982
54951982
54961982
54971982
54981982
54991982
55001982
55011982
55021982
55031982
55041982
55051982
55061982
55071982
55081982
55091982
55101982
55111982
55121982
55131982
55141982
55151982
55161982
55171982
55181982
55191982
55201982
55211982
55221982
55231982
55241982
55251982
55261982
55271982
55281982
55291982
55301982
55311982
55321982
55331982
55341982
55351982
55361982
55371982
55381982
55391982
55401982
55411982
55421982
55431982
55441982
55451982
55461982
55471982
55481982
55491982
55501982
55511982
55521982
55531982
55541982
55551982
55561982
55571982
55581982
55591982
55601982
55611982
55621982
55631982
55641982
55651982
55661982
55671982
55681982
55691982
55701982
55711982
55721982
55731982
55741982
55751982
55761982
55771982
55781982
55791982
55801982
55811982
55821982
55831982
55841982
55851982
55861982
55871982
55881982
55891982
55901982
55911982
55921982
55931982
55941982
55951982
55961982
55971982
55981982
55991982
56001982
56011982
56021982
56031982
56041982
56051982
56061982
56071982
56081982
56091982
56101982
56111982
56121982
56131982
56141982
56151982
56161982
56171982
56181982
56191982
56201982
56211982
56221982
56231982
56241982
56251982
56261982
56271982
56281982
56291982
56301982
56311982
56321982
56331982
56341982
56351982
56361982
56371982
56381982
56391982
56401982
56411982
56421982
56431982
56441982
56451982
56461982
56471982
56481982
56491982
56501982
56511982
56521982
56531982
56541982
56551982
56561982
56571982
56581982
56591982
56601982
56611982
56621982
56631982
56641982
56651982
56661982
56671982
56681982
56691982
56701982
56711982
56721982
56731982
56741982
56751982
56761982
56771982
56781982
56791982
56801982
56811982
56821982
56831982
56841982
56851982
56861982
56871982
56881982
56891982
56901982
56911982
56921982
56931982
56941982
56951982
56961982
56971982
56981982
56991982
57001982
57011982
57021982
57031982
57041982
57051982
57061982
57071982
57081982
57091982
57101982
57111982
57121982
57131982
57141982
57151982
57161982
57171982
57181982
57191982
57201982
57211982
57221982
57231982
57241982
57251982
57261982
57271982
57281982
57291982
57301982
57311982
57321982
57331982
57341982
57351982
57361982
57371982
57381982
57391982
57401982
57411982
57421982
57431982
57441982
57451982
57461982
57471982
57481982
57491982
57501982
57511982
57521982
57531982
57541982
57551982
57561982
57571982
57581982
57591982
57601982
57611982
57621982
57631982
57641982
57651982
57661982
57671982
57681982
57691982
57701982
57711982
57721982
57731982
57741982
57751982
57761982
57771982
57781982
57791982
57801982
57811982
57821982
57831982
57841982
57851982
57861982
57871982
57881982
57891982
57901982
57911982
57921982
57931982
57941982
57951982
57961982
57971982
57981982
57991982
58001982
58011982
58021982
58031982
58041982
58051982
58061982
58071982
58081982
58091982
58101982
58111982
58121982
58131982
58141982
58151982
58161982
58171982
58181982
58191982
58201982
58211982
58221982
58231982
58241982
58251982
58261982
58271982
58281982
58291982
58301982
58311982
58321982
58331982
58341982
58351982
58361982
58371982
58381982
58391982
58401982
58411982
58421982
58431982
58441982
58451982
58461982
58471982
58481982
58491982
58501982
58511982
58521982
58531982
58541982
58551982
58561982
58571982
58581982
58591982
58601982
58611982
58621982
58631982
58641982
58651982
58661982
58671982
58681982
58691982
58701982
58711982
58721982
58731982
58741982
58751982
58761982
58771982
58781982
58791982
58801982
58811982
58821982
58831982
58841982
58851982
58861982
58871982
58881982
58891982
58901982
58911982
58921982
58931982
58941982
58951982
58961982
58971982
58981982
58991982
59001982
59011982
59021982
59031982
59041982
59051982
59061982
59071982
59081982
59091982
59101982
59111982
59121982
59131982
59141982
59151982
59161982
59171982
59181982
59191982
59201982
59211982
59221982
59231982
59241982
59251982
59261982
59271982
59281982
59291982
59301982
59311982
59321982
59331982
59341982
59351982
59361982
59371982
59381982
59391982
59401982
59411982
59421982
59431982
59441982
59451982
59461982
59471982
59481982
59491982
59501982
59511982
59521982
59531982
59541982
59551982
59561982
59571982
59581982
59591982
59601982
59611982
59621982
59631982
59641982
59651982
59661982
59671982
59681982
59691982
59701982
59711982
59721982
59731982
59741982
59751982
59761982
59771982
59781982
59791982
59801982
59811982
59821982
59831982
59841982
59851982
59861982
59871982
59881982
59891982
59901982
59911982
59921982
59931982
59941982
59951982
59961982
59971982
59981982
59991982
60001982
60011982
60021982
60031982
60041982
60051982
60061982
60071982
60081982
60091982
60101982
60111982
60121982
60131982
60141982
60151982
60161982
60171982
60181982
60191982
60201982
60211982
60221982
60231982
60241982
60251982
60261982
60271982
60281982
60291982
60301982
60311982
60321982
60331982
60341982
60351982
60361982
60371982
60381982
60391982
60401982
60411982
60421982
60431982
60441982
60451982
60461982
60471982
60481982
60491982
60501982
60511982
60521982
60531982
60541982
60551982
60561982
60571982
60581982
60591982
60601982
60611982
60621982
60631982
60641982
60651982
60661982
60671982
60681982
60691982
60701982
60711982
60721982
60731982
60741982
60751982
60761982
60771982
60781982
60791982
60801982
60811982
60821982
60831982
60841982
60851982
60861982
60871982
60881982
60891982
60901982
60911982
60921982
60931982
60941982
60951982
60961982
60971982
60981982
60991982
61001982
61011982
61021982
61031982
61041982
61051982
61061982
61071982
61081982
61091982
61101982
61111982
61121982
61131982
61141982
61151982
61161982
61171982
61181982
61191982
61201982
61211982
61221982
61231982
61241982
61251982
61261982
61271982
61281982
61291982
61301982
61311982
61321982
61331982
61341982
61351982
61361982
61371982
61381982
61391982
61401982
61411982
61421982
61431982
61441982
61451982
61461982
61471982
61481982
61491982
61501982
61511982
61521982
61531982
61541982
61551982
61561982
61571982
61581982
61591982
61601982
61611982
61621982
61631982
61641982
61651982
61661982
61671982
61681982
61691982
61701982
61711982
61721982
61731982
61741982
61751982
61761982
61771982
61781982
61791982
61801982
61811982
61821982
61831982
61841982
61851982
61861982
61871982
61881982
61891982
61901982
61911982
61921982
61931982
61941982
61951982
61961982
61971982
61981982
61991982
62001982
62011982
62021982
62031982
62041982
62051982
62061982
62071982
62081982
62091982
62101982
62111982
62121982
62131982
62141982
62151982
62161982
62171982
62181982
62191982
62201982
62211982
62221982
62231982
62241982
62251982
62261982
62271982
62281982
62291982
62301982
62311982
62321982
62331982
62341982
62351982
62361982
62371982
62381982
62391982
62401982
62411982
62421982
62431982
62441982
62451982
62461982
62471982
62481982
62491982
62501982
62511982
62521982
62531982
62541982
62551982
62561982
62571982
62581982
62591982
62601982
62611982
62621982
62631982
62641982
62651982
62661982
62671982
62681982
62691982
62701982
62711982
62721982
62731982
62741982
62751982
62761982
62771982
62781982
62791982
62801982
62811982
62821982
62831982
62841982
62851982
62861982
62871982
62881982
62891982
62901982
62911982
62921982
62931982
62941982
62951982
62961982
62971982
62981982
62991982
63001982
63011982
63021982
63031982
63041982
63051982
63061982
63071982
63081982
63091982
63101982
63111982
63121982
63131982
63141982
63151982
63161982
63171982
63181982
63191982
63201982
63211982
63221982
63231982
63241982
63251982
63261982
63271982
63281982
63291982
63301982
63311982
63321982
63331982
63341982
63351982
63361982
63371982
63381982
63391982
63401982
63411982
63421982
63431982
63441982
63451982
63461982
63471982
63481982
63491982
63501982
63511982
63521982
63531982
63541982
63551982
63561982
63571982
63581982
63591982
63601982
63611982
63621982
63631982
63641982
63651982
63661982
63671982
63681982
63691982
63701982
63711982
63721982
63731982
63741982
63751982
63761982
63771982
63781982
63791982
63801982
63811982
63821982
63831982
63841982
63851982
63861982
63871982
63881982
63891982
63901982
63911982
63921982
63931982
63941982
63951982
63961982
63971982
63981982
63991982
64001982
64011982
64021982
64031982
64041982
64051982
64061982
64071982
64081982
64091982
64101982
64111982
64121982
64131982
64141982
64151982
64161982
64171982
64181982
64191982
64201982
64211982
64221982
64231982
64241982
64251982
64261982
64271982
64281982
64291982
64301982
64311982
64321982
64331982
64341982
64351982
64361982
64371982
64381982
64391982
64401982
64411982
64421982
64431982
64441982
64451982
64461982
64471982
64481982
64491982
64501982
64511982
64521982
64531982
64541982
64551982
64561982
64571982
64581982
64591982
64601982
64611982
64621982
64631982
64641982
64651982
64661982
64671982
64681982
64691982
64701982
64711982
64721982
64731982
64741982
64751982
64761982
64771982
64781982
64791982
64801982
64811982
64821982
64831982
64841982
64851982
64861982
64871982
64881982
64891982
64901982
64911982
64921982
64931982
64941982
64951982
64961982
64971982
64981982
64991982
65001982
65011982
65021982
65031982
65041982
65051982
65061982
65071982
65081982
65091982
65101982
65111982
65121982
65131982
65141982
65151982
65161982
65171982
65181982
65191982
65201982
65211982
65221982
65231982
65241982
65251982
65261982
65271982
65281982
65291982
65301982
65311982
65321982
65331982
65341982
65351982
65361982
65371982
65381982
65391982
65401982
65411982
65421982
65431982
65441982
65451982
65461982
65471982
65481982
65491982
65501982
65511982
65521982
65531982
65541982
65551982
65561982
65571982
65581982
65591982
65601982
65611982
65621982
65631982
65641982
65651982
65661982
65671982
65681982
65691982
65701982
65711982
65721982
65731982
65741982
65751982
65761982
65771982
65781982
65791982
65801982
65811982
65821982
65831982
65841982
65851982
65861982
65871982
65881982
65891982
65901982
65911982
65921982
65931982
65941982
65951982
65961982
65971982
65981982
65991982
66001982
66011982
66021982
66031982
66041982
66051982
66061982
66071982
66081982
66091982
66101982
66111982
66121982
66131982
66141982
66151982
66161982
66171982
66181982
66191982
66201982
66211982
66221982
66231982
66241982
66251982
66261982
66271982
66281982
66291982
66301982
66311982
66321982
66331982
66341982
66351982
66361982
66371982
66381982
66391982
66401982
66411982
66421982
66431982
66441982
66451982
66461982
66471982
66481982
66491982
66501982
66511982
66521982
66531982
66541982
66551982
66561982
66571982
66581982
66591982
66601982
66611982
66621982
66631982
66641982
66651982
66661982
66671982
66681982
66691982
66701982
66711982
66721982
66731982
66741982
66751982
66761982
66771982
66781982
66791982
66801982
66811982
66821982
66831982
66841982
66851982
66861982
66871982
66881982
66891982
66901982
66911982
66921982
66931982
66941982
66951982
66961982
66971982
66981982
66991982
67001982
67011982
67021982
67031982
67041982
67051982
67061982
67071982
67081982
67091982
67101982
67111982
67121982
67131982
67141982
67151982
67161982
67171982
67181982
67191982
67201982
67211982
67221982
67231982
67241982
67251982
67261982
67271982
67281982
67291982
67301982
67311982
67321982
67331982
67341982
67351982
67361982
67371982
67381982
67391982
67401982
67411982
67421982
67431982
67441982
67451982
67461982
67471982
67481982
67491982
67501982
67511982
67521982
67531982
67541982
67551982
67561982
67571982
67581982
67591982
67601982
67611982
67621982
67631982
67641982
67651982
67661982
67671982
67681982
67691982
67701982
67711982
67721982
67731982
67741982
67751982
67761982
67771982
67781982
67791982
67801982
67811982
67821982
67831982
67841982
67851982
67861982
67871982
67881982
67891982
67901982
67911982
67921982
67931982
67941982
67951982
67961982
67971982
67981982
67991982
68001982
68011982
68021982
68031982
68041982
68051982
68061982
68071982
68081982
68091982
68101982
68111982
68121982
68131982
68141982
68151982
68161982
68171982
68181982
68191982
68201982
68211982
68221982
68231982
68241982
68251982
68261982
68271982
68281982
68291982
68301982
68311982
68321982
68331982
68341982
68351982
68361982
68371982
68381982
68391982
68401982
68411982
68421982
68431982
68441982
68451982
68461982
68471982
68481982
68491982
68501982
68511982
68521982
68531982
68541982
68551982
68561982
68571982
68581982
68591982
68601982
68611982
68621982
68631982
68641982
68651982
68661982
68671982
68681982
68691982
68701982
68711982
68721982
68731982
68741982
68751982
68761982
68771982
68781982
68791982
68801982
68811982
68821982
68831982
68841982
68851982
68861982
68871982
68881982
68891982
68901982
68911982
68921982
68931982
68941982
68951982
68961982
68971982
68981982
68991982
69001982
69011982
69021982
69031982
69041982
69051982
69061982
69071982
69081982
69091982
69101982
69111982
69121982
69131982
69141982
69151982
69161982
69171982
69181982
69191982
69201982
69211982
69221982
69231982
69241982
69251982
69261982
69271982
69281982
69291982
69301982
69311982
69321982
69331982
69341982
69351982
69361982
69371982
69381982
69391982
69401982
69411982
69421982
69431982
69441982
69451982
69461982
69471982
69481982
69491982
69501982
69511982
69521982
69531982
69541982
69551982
69561982
69571982
69581982
69591982
69601982
69611982
69621982
69631982
69641982
69651982
69661982
69671982
69681982
69691982
69701982
69711982
69721982
69731982
69741982
69751982
69761982
69771982
69781982
69791982
69801982
69811982
69821982
69831982
69841982
69851982
69861982
69871982
69881982
69891982
69901982
69911982
69921982
69931982
69941982
69951982
69961982
69971982
69981982
69991982
70001982
70011982
70021982
70031982
70041982
70051982
70061982
70071982
70081982
70091982
70101982
70111982
70121982
70131982
70141982
70151982
70161982
70171982
70181982
70191982
70201982
70211982
70221982
70231982
70241982
70251982
70261982
70271982
70281982
70291982
70301982
70311982
70321982
70331982
70341982
70351982
70361982
70371982
70381982
70391982
70401982
70411982
70421982
70431982
70441982
70451982
70461982
70471982
70481982
70491982
70501982
70511982
70521982
70531982
70541982
70551982
70561982
70571982
70581982
70591982
70601982
70611982
70621982
70631982
70641982
70651982
70661982
70671982
70681982
70691982
70701982
70711982
70721982
70731982
70741982
70751982
70761982
70771982
70781982
70791982
70801982
70811982
70821982
70831982
70841982
70851982
70861982
70871982
70881982
70891982
70901982
70911982
70921982
70931982
70941982
70951982
70961982
70971982
70981982
70991982
71001982
71011982
71021982
71031982
71041982
71051982
71061982
71071982
71081982
71091982
71101982
71111982
71121982
71131982
71141982
71151982
71161982
71171982
71181982
71191982
71201982
71211982
71221982
71231982
71241982
71251982
71261982
71271982
71281982
71291982
71301982
71311982
71321982
71331982
71341982
71351982
71361982
71371982
71381982
71391982
71401982
71411982
71421982
71431982
71441982
71451982
71461982
71471982
71481982
71491982
71501982
71511982
71521982
71531982
71541982
71551982
71561982
71571982
71581982
71591982
71601982
71611982
71621982
71631982
71641982
71651982
71661982
71671982
71681982
71691982
71701982
71711982
71721982
71731982
71741982
71751982
71761982
71771982
71781982
71791982
71801982
71811982
71821982
71831982
71841982
71851982
71861982
71871982
71881982
71891982
71901982
71911982
71921982
71931982
71941982
71951982
71961982
71971982
71981982
71991982
72001982
72011982
72021982
72031982
72041982
72051982
72061982
72071982
72081982
72091982
72101982
72111982
72121982
72131982
72141982
72151982
72161982
72171982
72181982
72191982
72201982
72211982
72221982
72231982
72241982
72251982
72261982
72271982
72281982
72291982
72301982
72311982
72321982
72331982
72341982
72351982
72361982
72371982
72381982
72391982
72401982
72411982
72421982
72431982
72441982
72451982
72461982
72471982
72481982
72491982
72501982
72511982
72521982
72531982
72541982
72551982
72561982
72571982
72581982
72591982
72601982
72611982
72621982
72631982
72641982
72651982
72661982
72671982
72681982
72691982
72701982
72711982
72721982
72731982
72741982
72751982
72761982
72771982
72781982
72791982
72801982
72811982
72821982
72831982
72841982
72851982
72861982
72871982
72881982
72891982
72901982
72911982
72921982
72931982
72941982
72951982
72961982
72971982
72981982
72991982
73001982
73011982
73021982
73031982
73041982
73051982
73061982
73071982
73081982
73091982
73101982
73111982
73121982
73131982
73141982
73151982
73161982
73171982
73181982
73191982
73201982
73211982
73221982
73231982
73241982
73251982
73261982
73271982
73281982
73291982
73301982
73311982
73321982
73331982
73341982
73351982
73361982
73371982
73381982
73391982
73401982
73411982
73421982
73431982
73441982
73451982
73461982
73471982
73481982
73491982
73501982
73511982
73521982
73531982
73541982
73551982
73561982
73571982
73581982
73591982
73601982
73611982
73621982
73631982
73641982
73651982
73661982
73671982
73681982
73691982
73701982
73711982
73721982
73731982
73741982
73751982
73761982
73771982
73781982
73791982
73801982
73811982
73821982
73831982
73841982
73851982
73861982
73871982
73881982
73891982
73901982
73911982
73921982
73931982
73941982
73951982
73961982
73971982
73981982
73991982
74001982
74011982
74021982
74031982
74041982
74051982
74061982
74071982
74081982
74091982
74101982
74111982
74121982
74131982
74141982
74151982
74161982
74171982
74181982
74191982
74201982
74211982
74221982
74231982
74241982
74251982
74261982
74271982
74281982
74291982
74301982
74311982
74321982
74331982
74341982
74351982
74361982
74371982
74381982
74391982
74401982
74411982
74421982
74431982
74441982
74451982
74461982
74471982
74481982
74491982
74501982
74511982
74521982
74531982
74541982
74551982
74561982
74571982
74581982
74591982
74601982
74611982
74621982
74631982
74641982
74651982
74661982
74671982
74681982
74691982
74701982
74711982
74721982
74731982
74741982
74751982
74761982
74771982
74781982
74791982
74801982
74811982
74821982
74831982
74841982
74851982
74861982
74871982
74881982
74891982
74901982
74911982
74921982
74931982
74941982
74951982
74961982
74971982
74981982
74991982
75001982
75011982
75021982
75031982
75041982
75051982
75061982
75071982
75081982
75091982
75101982
75111982
75121982
75131982
75141982
75151982
75161982
75171982
75181982
75191982
75201982
75211982
75221982
75231982
75241982
75251982
75261982
75271982
75281982
75291982
75301982
75311982
75321982
75331982
75341982
75351982
75361982
75371982
75381982
75391982
75401982
75411982
75421982
75431982
75441982
75451982
75461982
75471982
75481982
75491982
75501982
75511982
75521982
75531982
75541982
75551982
75561982
75571982
75581982
75591982
75601982
75611982
75621982
75631982
75641982
75651982
75661982
75671982
75681982
75691982
75701982
75711982
75721982
75731982
75741982
75751982
75761982
75771982
75781982
75791982
75801982
75811982
75821982
75831982
75841982
75851982
75861982
75871982
75881982
75891982
75901982
75911982
75921982
75931982
75941982
75951982
75961982
75971982
75981982
75991982
76001982
76011982
76021982
76031982
76041982
76051982
76061982
76071982
76081982
76091982
76101982
76111982
76121982
76131982
76141982
76151982
76161982
76171982
76181982
76191982
76201982
76211982
76221982
76231982
76241982
76251982
76261982
76271982
76281982
76291982
76301982
76311982
76321982
76331982
76341982
76351982
76361982
76371982
76381982
76391982
76401982
76411982
76421982
76431982
76441982
76451982
76461982
76471982
76481982
76491982
76501982
76511982
76521982
76531982
76541982
76551982
76561982
76571982
76581982
76591982
76601982
76611982
76621982
76631982
76641982
76651982
76661982
76671982
76681982
76691982
76701982
76711982
76721982
76731982
76741982
76751982
76761982
76771982
76781982
76791982
76801982
76811982
76821982
76831982
76841982
76851982
76861982
76871982
76881982
76891982
76901982
76911982
76921982
76931982
76941982
76951982
76961982
76971982
76981982
76991982
77001982
77011982
77021982
77031982
77041982
77051982
77061982
77071982
77081982
77091982
77101982
77111982
77121982
77131982
77141982
77151982
77161982
77171982
77181982
77191982
77201982
77211982
77221982
77231982
77241982
77251982
77261982
77271982
77281982
77291982
77301982
77311982
77321982
77331982
77341982
77351982
77361982
77371982
77381982
77391982
77401982
77411982
77421982
77431982
77441982
77451982
77461982
77471982
77481982
77491982
77501982
77511982
77521982
77531982
77541982
77551982
77561982
77571982
77581982
77591982
77601982
77611982
77621982
77631982
77641982
77651982
77661982
77671982
77681982
77691982
77701982
77711982
77721982
77731982
77741982
77751982
77761982
77771982
77781982
77791982
77801982
77811982
77821982
77831982
77841982
77851982
77861982
77871982
77881982
77891982
77901982
77911982
77921982
77931982
77941982
77951982
77961982
77971982
77981982
77991982
78001982
78011982
78021982
78031982
78041982
78051982
78061982
78071982
78081982
78091982
78101982
78111982
78121982
78131982
78141982
78151982
78161982
78171982
78181982
78191982
78201982
78211982
78221982
78231982
78241982
78251982
78261982
78271982
78281982
78291982
78301982
78311982
78321982
78331982
78341982
78351982
78361982
78371982
78381982
78391982
78401982
78411982
78421982
78431982
78441982
78451982
78461982
78471982
78481982
78491982
78501982
78511982
78521982
78531982
78541982
78551982
78561982
78571982
78581982
78591982
78601982
78611982
78621982
78631982
78641982
78651982
78661982
78671982
78681982
78691982
78701982
78711982
78721982
78731982
78741982
78751982
78761982
78771982
78781982
78791982
78801982
78811982
78821982
78831982
78841982
78851982
78861982
78871982
78881982
78891982
78901982
78911982
78921982
78931982
78941982
78951982
78961982
78971982
78981982
78991982
79001982
79011982
79021982
79031982
79041982
79051982
79061982
79071982
79081982
79091982
79101982
79111982
79121982
79131982
79141982
79151982
79161982
79171982
79181982
79191982
79201982
79211982
79221982
79231982
79241982
79251982
79261982
79271982
79281982
79291982
79301982
79311982
79321982
79331982
79341982
79351982
79361982
79371982
79381982
79391982
79401982
79411982
79421982
79431982
79441982
79451982
79461982
79471982
79481982
79491982
79501982
79511982
79521982
79531982
79541982
79551982
79561982
79571982
79581982
79591982
79601982
79611982
79621982
79631982
79641982
79651982
79661982
79671982
79681982
79691982
79701982
79711982
79721982
79731982
79741982
79751982
79761982
79771982
79781982
79791982
79801982
79811982
79821982
79831982
79841982
79851982
79861982
79871982
79881982
79891982
79901982
79911982
79921982
79931982
79941982
79951982
79961982
79971982
79981982
79991982
80001982
80011982
80021982
80031982
80041982
80051982
80061982
80071982
80081982
80091982
80101982
80111982
80121982
80131982
80141982
80151982
80161982
80171982
80181982
80191982
80201982
80211982
80221982
80231982
80241982
80251982
80261982
80271982
80281982
80291982
80301982
80311982
80321982
80331982
80341982
80351982
80361982
80371982
80381982
80391982
80401982
80411982
80421982
80431982
80441982
80451982
80461982
80471982
80481982
80491982
80501982
80511982
80521982
80531982
80541982
80551982
80561982
80571982
80581982
80591982
80601982
80611982
80621982
80631982
80641982
80651982
80661982
80671982
80681982
80691982
80701982
80711982
80721982
80731982
80741982
80751982
80761982
80771982
80781982
80791982
80801982
80811982
80821982
80831982
80841982
80851982
80861982
80871982
80881982
80891982
80901982
80911982
80921982
80931982
80941982
80951982
80961982
80971982
80981982
80991982
81001982
81011982
81021982
81031982
81041982
81051982
81061982
81071982
81081982
81091982
81101982
81111982
81121982
81131982
81141982
81151982
81161982
81171982
81181982
81191982
81201982
81211982
81221982
81231982
81241982
81251982
81261982
81271982
81281982
81291982
81301982
81311982
81321982
81331982
81341982
81351982
81361982
81371982
81381982
81391982
81401982
81411982
81421982
81431982
81441982
81451982
81461982
81471982
81481982
81491982
81501982
81511982
81521982
81531982
81541982
81551982
81561982
81571982
81581982
81591982
81601982
81611982
81621982
81631982
81641982
81651982
81661982
81671982
81681982
81691982
81701982
81711982
81721982
81731982
81741982
81751982
81761982
81771982
81781982
81791982
81801982
81811982
81821982
81831982
81841982
81851982
81861982
81871982
81881982
81891982
81901982
81911982
81921982
81931982
81941982
81951982
81961982
81971982
81981982
81991982
82001982
82011982
82021982
82031982
82041982
82051982
82061982
82071982
82081982
82091982
82101982
82111982
82121982
82131982
82141982
82151982
82161982
82171982
82181982
82191982
82201982
82211982
82221982
82231982
82241982
82251982
82261982
82271982
82281982
82291982
82301982
82311982
82321982
82331982
82341982
82351982
82361982
82371982
82381982
82391982
82401982
82411982
82421982
82431982
82441982
82451982
82461982
82471982
82481982
82491982
82501982
82511982
82521982
82531982
82541982
82551982
82561982
82571982
82581982
82591982
82601982
82611982
82621982
82631982
82641982
82651982
82661982
82671982
82681982
82691982
82701982
82711982
82721982
82731982
82741982
82751982
82761982
82771982
82781982
82791982
82801982
82811982
82821982
82831982
82841982
82851982
82861982
82871982
82881982
82891982
82901982
82911982
82921982
82931982
82941982
82951982
82961982
82971982
82981982
82991982
83001982
83011982
83021982
83031982
83041982
83051982
83061982
83071982
83081982
83091982
83101982
83111982
83121982
83131982
83141982
83151982
83161982
83171982
83181982
83191982
83201982
83211982
83221982
83231982
83241982
83251982
83261982
83271982
83281982
83291982
83301982
83311982
83321982
83331982
83341982
83351982
83361982
83371982
83381982
83391982
83401982
83411982
83421982
83431982
83441982
83451982
83461982
83471982
83481982
83491982
83501982
83511982
83521982
83531982
83541982
83551982
83561982
83571982
83581982
83591982
83601982
83611982
83621982
83631982
83641982
83651982
83661982
83671982
83681982
83691982
83701982
83711982
83721982
83731982
83741982
83751982
83761982
83771982
83781982
83791982
83801982
83811982
83821982
83831982
83841982
83851982
83861982
83871982
83881982
83891982
83901982
83911982
83921982
83931982
83941982
83951982
83961982
83971982
83981982
83991982
84001982
84011982
84021982
84031982
84041982
84051982
84061982
84071982
84081982
84091982
84101982
84111982
84121982
84131982
84141982
84151982
84161982
84171982
84181982
84191982
84201982
84211982
84221982
84231982
84241982
84251982
84261982
84271982
84281982
84291982
84301982
84311982
84321982
84331982
84341982
84351982
84361982
84371982
84381982
84391982
84401982
84411982
84421982
84431982
84441982
84451982
84461982
84471982
84481982
84491982
84501982
84511982
84521982
84531982
84541982
84551982
84561982
84571982
84581982
84591982
84601982
84611982
84621982
84631982
84641982
84651982
84661982
84671982
84681982
84691982
84701982
84711982
84721982
84731982
84741982
84751982
84761982
84771982
84781982
84791982
84801982
84811982
84821982
84831982
84841982
84851982
84861982
84871982
84881982
84891982
84901982
84911982
84921982
84931982
84941982
84951982
84961982
84971982
84981982
84991982
85001982
85011982
85021982
85031982
85041982
85051982
85061982
85071982
85081982
85091982
85101982
85111982
85121982
85131982
85141982
85151982
85161982
85171982
85181982
85191982
85201982
85211982
85221982
85231982
85241982
85251982
85261982
85271982
85281982
85291982
85301982
85311982
85321982
85331982
85341982
85351982
85361982
85371982
85381982
85391982
85401982
85411982
85421982
85431982
85441982
85451982
85461982
85471982
85481982
85491982
85501982
85511982
85521982
85531982
85541982
85551982
85561982
85571982
85581982
85591982
85601982
85611982
85621982
85631982
85641982
85651982
85661982
85671982
85681982
85691982
85701982
85711982
85721982
85731982
85741982
85751982
85761982
85771982
85781982
85791982
85801982
85811982
85821982
85831982
85841982
85851982
85861982
85871982
85881982
85891982
85901982
85911982
85921982
85931982
85941982
85951982
85961982
85971982
85981982
85991982
86001982
86011982
86021982
86031982
86041982
86051982
86061982
86071982
86081982
86091982
86101982
86111982
86121982
86131982
86141982
86151982
86161982
86171982
86181982
86191982
86201982
86211982
86221982
86231982
86241982
86251982
86261982
86271982
86281982
86291982
86301982
86311982
86321982
86331982
86341982
86351982
86361982
86371982
86381982
86391982
86401982
86411982
86421982
86431982
86441982
86451982
86461982
86471982
86481982
86491982
86501982
86511982
86521982
86531982
86541982
86551982
86561982
86571982
86581982
86591982
86601982
86611982
86621982
86631982
86641982
86651982
86661982
86671982
86681982
86691982
86701982
86711982
86721982
86731982
86741982
86751982
86761982
86771982
86781982
86791982
86801982
86811982
86821982
86831982
86841982
86851982
86861982
86871982
86881982
86891982
86901982
86911982
86921982
86931982
86941982
86951982
86961982
86971982
86981982
86991982
87001982
87011982
87021982
87031982
87041982
87051982
87061982
87071982
87081982
87091982
87101982
87111982
87121982
87131982
87141982
87151982
87161982
87171982
87181982
87191982
87201982
87211982
87221982
87231982
87241982
87251982
87261982
87271982
87281982
87291982
87301982
87311982
87321982
87331982
87341982
87351982
87361982
87371982
87381982
87391982
87401982
87411982
87421982
87431982
87441982
87451982
87461982
87471982
87481982
87491982
87501982
87511982
87521982
87531982
87541982
87551982
87561982
87571982
87581982
87591982
87601982
87611982
87621982
87631982
87641982
87651982
87661982
87671982
87681982
87691982
87701982
87711982
87721982
87731982
87741982
87751982
87761982
87771982
87781982
87791982
87801982
87811982
87821982
87831982
87841982
87851982
87861982
87871982
87881982
87891982
87901982
87911982
87921982
87931982
87941982
87951982
87961982
87971982
87981982
87991982
88001982
88011982
88021982
88031982
88041982
88051982
88061982
88071982
88081982
88091982
88101982
88111982
88121982
88131982
88141982
88151982
88161982
88171982
88181982
88191982
88201982
88211982
88221982
88231982
88241982
88251982
88261982
88271982
88281982
88291982
88301982
88311982
88321982
88331982
88341982
88351982
88361982
88371982
88381982
88391982
88401982
88411982
88421982
88431982
88441982
88451982
88461982
88471982
88481982
88491982
88501982
88511982
88521982
88531982
88541982
88551982
88561982
88571982
88581982
88591982
88601982
88611982
88621982
88631982
88641982
88651982
88661982
88671982
88681982
88691982
88701982
88711982
88721982
88731982
88741982
88751982
88761982
88771982
88781982
88791982
88801982
88811982
88821982
88831982
88841982
88851982
88861982
88871982
88881982
88891982
88901982
88911982
88921982
88931982
88941982
88951982
88961982
88971982
88981982
88991982
89001982
89011982
89021982
89031982
89041982
89051982
89061982
89071982
89081982
89091982
89101982
89111982
89121982
89131982
89141982
89151982
89161982
89171982
89181982
89191982
89201982
89211982
89221982
89231982
89241982
89251982
89261982
89271982
89281982
89291982
89301982
89311982
89321982
89331982
89341982
89351982
89361982
89371982
89381982
89391982
89401982
89411982
89421982
89431982
89441982
89451982
89461982
89471982
89481982
89491982
89501982
89511982
89521982
89531982
89541982
89551982
89561982
89571982
89581982
89591982
89601982
89611982
89621982
89631982
89641982
89651982
89661982
89671982
89681982
89691982
89701982
89711982
89721982
89731982
89741982
89751982
89761982
89771982
89781982
89791982
89801982
89811982
89821982
89831982
89841982
89851982
89861982
89871982
89881982
89891982
89901982
89911982
89921982
89931982
89941982
89951982
89961982
89971982
89981982
89991982
90001982
90011982
90021982
90031982
90041982
90051982
90061982
90071982
90081982
90091982
90101982
90111982
90121982
90131982
90141982
90151982
90161982
90171982
90181982
90191982
90201982
90211982
90221982
90231982
90241982
90251982
90261982
90271982
90281982
90291982
90301982
90311982
90321982
90331982
90341982
90351982
90361982
90371982
90381982
90391982
90401982
90411982
90421982
90431982
90441982
90451982
90461982
90471982
90481982
90491982
90501982
90511982
90521982
90531982
90541982
90551982
90561982
90571982
90581982
90591982
90601982
90611982
90621982
90631982
90641982
90651982
90661982
90671982
90681982
90691982
90701982
90711982
90721982
90731982
90741982
90751982
90761982
90771982
90781982
90791982
90801982
90811982
90821982
90831982
90841982
90851982
90861982
90871982
90881982
90891982
90901982
90911982
90921982
90931982
90941982
90951982
90961982
90971982
90981982
90991982
91001982
91011982
91021982
91031982
91041982
91051982
91061982
91071982
91081982
91091982
91101982
91111982
91121982
91131982
91141982
91151982
91161982
91171982
91181982
91191982
91201982
91211982
91221982
91231982
91241982
91251982
91261982
91271982
91281982
91291982
91301982
91311982
91321982
91331982
91341982
91351982
91361982
91371982
91381982
91391982
91401982
91411982
91421982
91431982
91441982
91451982
91461982
91471982
91481982
91491982
91501982
91511982
91521982
91531982
91541982
91551982
91561982
91571982
91581982
91591982
91601982
91611982
91621982
91631982
91641982
91651982
91661982
91671982
91681982
91691982
91701982
91711982
91721982
91731982
91741982
91751982
91761982
91771982
91781982
91791982
91801982
91811982
91821982
91831982
91841982
91851982
91861982
91871982
91881982
91891982
91901982
91911982
91921982
91931982
91941982
91951982
91961982
91971982
91981982
91991982
92001982
92011982
92021982
92031982
92041982
92051982
92061982
92071982
92081982
92091982
92101982
92111982
92121982
92131982
92141982
92151982
92161982
92171982
92181982
92191982
92201982
92211982
92221982
92231982
92241982
92251982
92261982
92271982
92281982
92291982
92301982
92311982
92321982
92331982
92341982
92351982
92361982
92371982
92381982
92391982
92401982
92411982
92421982
92431982
92441982
92451982
92461982
92471982
92481982
92491982
92501982
92511982
92521982
92531982
92541982
92551982
92561982
92571982
92581982
92591982
92601982
92611982
92621982
92631982
92641982
92651982
92661982
92671982
92681982
92691982
92701982
92711982
92721982
92731982
92741982
92751982
92761982
92771982
92781982
92791982
92801982
92811982
92821982
92831982
92841982
92851982
92861982
92871982
92881982
92891982
92901982
92911982
92921982
92931982
92941982
92951982
92961982
92971982
92981982
92991982
93001982
93011982
93021982
93031982
93041982
93051982
93061982
93071982
93081982
93091982
93101982
93111982
93121982
93131982
93141982
93151982
93161982
93171982
93181982
93191982
93201982
93211982
93221982
93231982
93241982
93251982
93261982
93271982
93281982
93291982
93301982
93311982
93321982
93331982
93341982
93351982
93361982
93371982
93381982
93391982
93401982
93411982
93421982
93431982
93441982
93451982
93461982
93471982
93481982
93491982
93501982
93511982
93521982
93531982
93541982
93551982
93561982
93571982
93581982
93591982
93601982
93611982
93621982
93631982
93641982
93651982
93661982
93671982
93681982
93691982
93701982
93711982
93721982
93731982
93741982
93751982
93761982
93771982
93781982
93791982
93801982
93811982
93821982
93831982
93841982
93851982
93861982
93871982
93881982
93891982
93901982
93911982
93921982
93931982
93941982
93951982
93961982
93971982
93981982
93991982
94001982
94011982
94021982
94031982
94041982
94051982
94061982
94071982
94081982
94091982
94101982
94111982
94121982
94131982
94141982
94151982
94161982
94171982
94181982
94191982
94201982
94211982
94221982
94231982
94241982
94251982
94261982
94271982
94281982
94291982
94301982
94311982
94321982
94331982
94341982
94351982
94361982
94371982
94381982
94391982
94401982
94411982
94421982
94431982
94441982
94451982
94461982
94471982
94481982
94491982
94501982
94511982
94521982
94531982
94541982
94551982
94561982
94571982
94581982
94591982
94601982
94611982
94621982
94631982
94641982
94651982
94661982
94671982
94681982
94691982
94701982
94711982
94721982
94731982
94741982
94751982
94761982
94771982
94781982
94791982
94801982
94811982
94821982
94831982
94841982
94851982
94861982
94871982
94881982
94891982
94901982
94911982
94921982
94931982
94941982
94951982
94961982
94971982
94981982
94991982
95001982
95011982
95021982
95031982
95041982
95051982
95061982
95071982
95081982
95091982
95101982
95111982
95121982
95131982
95141982
95151982
95161982
95171982
95181982
95191982
95201982
95211982
95221982
95231982
95241982
95251982
95261982
95271982
95281982
95291982
95301982
95311982
95321982
95331982
95341982
95351982
95361982
95371982
95381982
95391982
95401982
95411982
95421982
95431982
95441982
95451982
95461982
95471982
95481982
95491982
95501982
95511982
95521982
95531982
95541982
95551982
95561982
95571982
95581982
95591982
95601982
95611982
95621982
95631982
95641982
95651982
95661982
95671982
95681982
95691982
95701982
95711982
95721982
95731982
95741982
95751982
95761982
95771982
95781982
95791982
95801982
95811982
95821982
95831982
95841982
95851982
95861982
95871982
95881982
95891982
95901982
95911982
95921982
95931982
95941982
95951982
95961982
95971982
95981982
95991982
96001982
96011982
96021982
96031982
96041982
96051982
96061982
96071982
96081982
96091982
96101982
96111982
96121982
96131982
96141982
96151982
96161982
96171982
96181982
96191982
96201982
96211982
96221982
96231982
96241982
96251982
96261982
96271982
96281982
96291982
96301982
96311982
96321982
96331982
96341982
96351982
96361982
96371982
96381982
96391982
96401982
96411982
96421982
96431982
96441982
96451982
96461982
96471982
96481982
96491982
96501982
96511982
96521982
96531982
96541982
96551982
96561982
96571982
96581982
96591982
96601982
96611982
96621982
96631982
96641982
96651982
96661982
96671982
96681982
96691982
96701982
96711982
96721982
96731982
96741982
96751982
96761982
96771982
96781982
96791982
96801982
96811982
96821982
96831982
96841982
96851982
96861982
96871982
96881982
96891982
96901982
96911982
96921982
96931982
96941982
96951982
96961982
96971982
96981982
96991982
97001982
97011982
97021982
97031982
97041982
97051982
97061982
97071982
97081982
97091982
97101982
97111982
97121982
97131982
97141982
97151982
97161982
97171982
97181982
97191982
97201982
97211982
97221982
97231982
97241982
97251982
97261982
97271982
97281982
97291982
97301982
97311982
97321982
97331982
97341982
97351982
97361982
97371982
97381982
97391982
97401982
97411982
97421982
97431982
97441982
97451982
97461982
97471982
97481982
97491982
97501982
97511982
97521982
97531982
97541982
97551982
97561982
97571982
97581982
97591982
97601982
97611982
97621982
97631982
97641982
97651982
97661982
97671982
97681982
97691982
97701982
97711982
97721982
97731982
97741982
97751982
97761982
97771982
97781982
97791982
97801982
97811982
97821982
97831982
97841982
97851982
97861982
97871982
97881982
97891982
97901982
97911982
97921982
97931982
97941982
97951982
97961982
97971982
97981982
97991982
98001982
98011982
98021982
98031982
98041982
98051982
98061982
98071982
98081982
98091982
98101982
98111982
98121982
98131982
98141982
98151982
98161982
98171982
98181982
98191982
98201982
98211982
98221982
98231982
98241982
98251982
98261982
98271982
98281982
98291982
98301982
98311982
98321982
98331982
98341982
98351982
98361982
98371982
98381982
98391982
98401982
98411982
98421982
98431982
98441982
98451982
98461982
98471982
98481982
98491982
98501982
98511982
98521982
98531982
98541982
98551982
98561982
98571982
98581982
98591982
98601982
98611982
98621982
98631982
98641982
98651982
98661982
98671982
98681982
98691982
98701982
98711982
98721982
98731982
98741982
98751982
98761982
98771982
98781982
98791982
98801982
98811982
98821982
98831982
98841982
98851982
98861982
98871982
98881982
98891982
98901982
98911982
98921982
98931982
98941982
98951982
98961982
98971982
98981982
98991982
99001982
99011982
99021982
99031982
99041982
99051982
99061982
99071982
99081982
99091982
99101982
99111982
99121982
99131982
99141982
99151982
99161982
99171982
99181982
99191982
99201982
99211982
99221982
99231982
99241982
99251982
99261982
99271982
99281982
99291982
99301982
99311982
99321982
99331982
99341982
99351982
99361982
99371982
99381982
99391982
99401982
99411982
99421982
99431982
99441982
99451982
99461982
99471982
99481982
99491982
99501982
99511982
99521982
99531982
99541982
99551982
99561982
99571982
99581982
99591982
99601982
99611982
99621982
99631982
99641982
99651982
99661982
99671982
99681982
99691982
99701982
99711982
99721982
99731982
99741982
99751982
99761982
99771982
99781982
99791982
99801982
99811982
99821982
99831982
99841982
99851982
99861982
99871982
99881982
99891982
99901982
99911982
99921982
99931982
99941982
99951982
99961982
99971982
99981982
99991982
