00001989
00011989
00021989
00031989
00041989
00051989
00061989
00071989
00081989
00091989
00101989
00111989
00121989
00131989
00141989
00151989
00161989
00171989
00181989
00191989
00201989
00211989
00221989
00231989
00241989
00251989
00261989
00271989
00281989
00291989
00301989
00311989
00321989
00331989
00341989
00351989
00361989
00371989
00381989
00391989
00401989
00411989
00421989
00431989
00441989
00451989
00461989
00471989
00481989
00491989
00501989
00511989
00521989
00531989
00541989
00551989
00561989
00571989
00581989
00591989
00601989
00611989
00621989
00631989
00641989
00651989
00661989
00671989
00681989
00691989
00701989
00711989
00721989
00731989
00741989
00751989
00761989
00771989
00781989
00791989
00801989
00811989
00821989
00831989
00841989
00851989
00861989
00871989
00881989
00891989
00901989
00911989
00921989
00931989
00941989
00951989
00961989
00971989
00981989
00991989
01001989
01011989
01021989
01031989
01041989
01051989
01061989
01071989
01081989
01091989
01101989
01111989
01121989
01131989
01141989
01151989
01161989
01171989
01181989
01191989
01201989
01211989
01221989
01231989
01241989
01251989
01261989
01271989
01281989
01291989
01301989
01311989
01321989
01331989
01341989
01351989
01361989
01371989
01381989
01391989
01401989
01411989
01421989
01431989
01441989
01451989
01461989
01471989
01481989
01491989
01501989
01511989
01521989
01531989
01541989
01551989
01561989
01571989
01581989
01591989
01601989
01611989
01621989
01631989
01641989
01651989
01661989
01671989
01681989
01691989
01701989
01711989
01721989
01731989
01741989
01751989
01761989
01771989
01781989
01791989
01801989
01811989
01821989
01831989
01841989
01851989
01861989
01871989
01881989
01891989
01901989
01911989
01921989
01931989
01941989
01951989
01961989
01971989
01981989
01991989
02001989
02011989
02021989
02031989
02041989
02051989
02061989
02071989
02081989
02091989
02101989
02111989
02121989
02131989
02141989
02151989
02161989
02171989
02181989
02191989
02201989
02211989
02221989
02231989
02241989
02251989
02261989
02271989
02281989
02291989
02301989
02311989
02321989
02331989
02341989
02351989
02361989
02371989
02381989
02391989
02401989
02411989
02421989
02431989
02441989
02451989
02461989
02471989
02481989
02491989
02501989
02511989
02521989
02531989
02541989
02551989
02561989
02571989
02581989
02591989
02601989
02611989
02621989
02631989
02641989
02651989
02661989
02671989
02681989
02691989
02701989
02711989
02721989
02731989
02741989
02751989
02761989
02771989
02781989
02791989
02801989
02811989
02821989
02831989
02841989
02851989
02861989
02871989
02881989
02891989
02901989
02911989
02921989
02931989
02941989
02951989
02961989
02971989
02981989
02991989
03001989
03011989
03021989
03031989
03041989
03051989
03061989
03071989
03081989
03091989
03101989
03111989
03121989
03131989
03141989
03151989
03161989
03171989
03181989
03191989
03201989
03211989
03221989
03231989
03241989
03251989
03261989
03271989
03281989
03291989
03301989
03311989
03321989
03331989
03341989
03351989
03361989
03371989
03381989
03391989
03401989
03411989
03421989
03431989
03441989
03451989
03461989
03471989
03481989
03491989
03501989
03511989
03521989
03531989
03541989
03551989
03561989
03571989
03581989
03591989
03601989
03611989
03621989
03631989
03641989
03651989
03661989
03671989
03681989
03691989
03701989
03711989
03721989
03731989
03741989
03751989
03761989
03771989
03781989
03791989
03801989
03811989
03821989
03831989
03841989
03851989
03861989
03871989
03881989
03891989
03901989
03911989
03921989
03931989
03941989
03951989
03961989
03971989
03981989
03991989
04001989
04011989
04021989
04031989
04041989
04051989
04061989
04071989
04081989
04091989
04101989
04111989
04121989
04131989
04141989
04151989
04161989
04171989
04181989
04191989
04201989
04211989
04221989
04231989
04241989
04251989
04261989
04271989
04281989
04291989
04301989
04311989
04321989
04331989
04341989
04351989
04361989
04371989
04381989
04391989
04401989
04411989
04421989
04431989
04441989
04451989
04461989
04471989
04481989
04491989
04501989
04511989
04521989
04531989
04541989
04551989
04561989
04571989
04581989
04591989
04601989
04611989
04621989
04631989
04641989
04651989
04661989
04671989
04681989
04691989
04701989
04711989
04721989
04731989
04741989
04751989
04761989
04771989
04781989
04791989
04801989
04811989
04821989
04831989
04841989
04851989
04861989
04871989
04881989
04891989
04901989
04911989
04921989
04931989
04941989
04951989
04961989
04971989
04981989
04991989
05001989
05011989
05021989
05031989
05041989
05051989
05061989
05071989
05081989
05091989
05101989
05111989
05121989
05131989
05141989
05151989
05161989
05171989
05181989
05191989
05201989
05211989
05221989
05231989
05241989
05251989
05261989
05271989
05281989
05291989
05301989
05311989
05321989
05331989
05341989
05351989
05361989
05371989
05381989
05391989
05401989
05411989
05421989
05431989
05441989
05451989
05461989
05471989
05481989
05491989
05501989
05511989
05521989
05531989
05541989
05551989
05561989
05571989
05581989
05591989
05601989
05611989
05621989
05631989
05641989
05651989
05661989
05671989
05681989
05691989
05701989
05711989
05721989
05731989
05741989
05751989
05761989
05771989
05781989
05791989
05801989
05811989
05821989
05831989
05841989
05851989
05861989
05871989
05881989
05891989
05901989
05911989
05921989
05931989
05941989
05951989
05961989
05971989
05981989
05991989
06001989
06011989
06021989
06031989
06041989
06051989
06061989
06071989
06081989
06091989
06101989
06111989
06121989
06131989
06141989
06151989
06161989
06171989
06181989
06191989
06201989
06211989
06221989
06231989
06241989
06251989
06261989
06271989
06281989
06291989
06301989
06311989
06321989
06331989
06341989
06351989
06361989
06371989
06381989
06391989
06401989
06411989
06421989
06431989
06441989
06451989
06461989
06471989
06481989
06491989
06501989
06511989
06521989
06531989
06541989
06551989
06561989
06571989
06581989
06591989
06601989
06611989
06621989
06631989
06641989
06651989
06661989
06671989
06681989
06691989
06701989
06711989
06721989
06731989
06741989
06751989
06761989
06771989
06781989
06791989
06801989
06811989
06821989
06831989
06841989
06851989
06861989
06871989
06881989
06891989
06901989
06911989
06921989
06931989
06941989
06951989
06961989
06971989
06981989
06991989
07001989
07011989
07021989
07031989
07041989
07051989
07061989
07071989
07081989
07091989
07101989
07111989
07121989
07131989
07141989
07151989
07161989
07171989
07181989
07191989
07201989
07211989
07221989
07231989
07241989
07251989
07261989
07271989
07281989
07291989
07301989
07311989
07321989
07331989
07341989
07351989
07361989
07371989
07381989
07391989
07401989
07411989
07421989
07431989
07441989
07451989
07461989
07471989
07481989
07491989
07501989
07511989
07521989
07531989
07541989
07551989
07561989
07571989
07581989
07591989
07601989
07611989
07621989
07631989
07641989
07651989
07661989
07671989
07681989
07691989
07701989
07711989
07721989
07731989
07741989
07751989
07761989
07771989
07781989
07791989
07801989
07811989
07821989
07831989
07841989
07851989
07861989
07871989
07881989
07891989
07901989
07911989
07921989
07931989
07941989
07951989
07961989
07971989
07981989
07991989
08001989
08011989
08021989
08031989
08041989
08051989
08061989
08071989
08081989
08091989
08101989
08111989
08121989
08131989
08141989
08151989
08161989
08171989
08181989
08191989
08201989
08211989
08221989
08231989
08241989
08251989
08261989
08271989
08281989
08291989
08301989
08311989
08321989
08331989
08341989
08351989
08361989
08371989
08381989
08391989
08401989
08411989
08421989
08431989
08441989
08451989
08461989
08471989
08481989
08491989
08501989
08511989
08521989
08531989
08541989
08551989
08561989
08571989
08581989
08591989
08601989
08611989
08621989
08631989
08641989
08651989
08661989
08671989
08681989
08691989
08701989
08711989
08721989
08731989
08741989
08751989
08761989
08771989
08781989
08791989
08801989
08811989
08821989
08831989
08841989
08851989
08861989
08871989
08881989
08891989
08901989
08911989
08921989
08931989
08941989
08951989
08961989
08971989
08981989
08991989
09001989
09011989
09021989
09031989
09041989
09051989
09061989
09071989
09081989
09091989
09101989
09111989
09121989
09131989
09141989
09151989
09161989
09171989
09181989
09191989
09201989
09211989
09221989
09231989
09241989
09251989
09261989
09271989
09281989
09291989
09301989
09311989
09321989
09331989
09341989
09351989
09361989
09371989
09381989
09391989
09401989
09411989
09421989
09431989
09441989
09451989
09461989
09471989
09481989
09491989
09501989
09511989
09521989
09531989
09541989
09551989
09561989
09571989
09581989
09591989
09601989
09611989
09621989
09631989
09641989
09651989
09661989
09671989
09681989
09691989
09701989
09711989
09721989
09731989
09741989
09751989
09761989
09771989
09781989
09791989
09801989
09811989
09821989
09831989
09841989
09851989
09861989
09871989
09881989
09891989
09901989
09911989
09921989
09931989
09941989
09951989
09961989
09971989
09981989
09991989
10001989
10011989
10021989
10031989
10041989
10051989
10061989
10071989
10081989
10091989
10101989
10111989
10121989
10131989
10141989
10151989
10161989
10171989
10181989
10191989
10201989
10211989
10221989
10231989
10241989
10251989
10261989
10271989
10281989
10291989
10301989
10311989
10321989
10331989
10341989
10351989
10361989
10371989
10381989
10391989
10401989
10411989
10421989
10431989
10441989
10451989
10461989
10471989
10481989
10491989
10501989
10511989
10521989
10531989
10541989
10551989
10561989
10571989
10581989
10591989
10601989
10611989
10621989
10631989
10641989
10651989
10661989
10671989
10681989
10691989
10701989
10711989
10721989
10731989
10741989
10751989
10761989
10771989
10781989
10791989
10801989
10811989
10821989
10831989
10841989
10851989
10861989
10871989
10881989
10891989
10901989
10911989
10921989
10931989
10941989
10951989
10961989
10971989
10981989
10991989
11001989
11011989
11021989
11031989
11041989
11051989
11061989
11071989
11081989
11091989
11101989
11111989
11121989
11131989
11141989
11151989
11161989
11171989
11181989
11191989
11201989
11211989
11221989
11231989
11241989
11251989
11261989
11271989
11281989
11291989
11301989
11311989
11321989
11331989
11341989
11351989
11361989
11371989
11381989
11391989
11401989
11411989
11421989
11431989
11441989
11451989
11461989
11471989
11481989
11491989
11501989
11511989
11521989
11531989
11541989
11551989
11561989
11571989
11581989
11591989
11601989
11611989
11621989
11631989
11641989
11651989
11661989
11671989
11681989
11691989
11701989
11711989
11721989
11731989
11741989
11751989
11761989
11771989
11781989
11791989
11801989
11811989
11821989
11831989
11841989
11851989
11861989
11871989
11881989
11891989
11901989
11911989
11921989
11931989
11941989
11951989
11961989
11971989
11981989
11991989
12001989
12011989
12021989
12031989
12041989
12051989
12061989
12071989
12081989
12091989
12101989
12111989
12121989
12131989
12141989
12151989
12161989
12171989
12181989
12191989
12201989
12211989
12221989
12231989
12241989
12251989
12261989
12271989
12281989
12291989
12301989
12311989
12321989
12331989
12341989
12351989
12361989
12371989
12381989
12391989
12401989
12411989
12421989
12431989
12441989
12451989
12461989
12471989
12481989
12491989
12501989
12511989
12521989
12531989
12541989
12551989
12561989
12571989
12581989
12591989
12601989
12611989
12621989
12631989
12641989
12651989
12661989
12671989
12681989
12691989
12701989
12711989
12721989
12731989
12741989
12751989
12761989
12771989
12781989
12791989
12801989
12811989
12821989
12831989
12841989
12851989
12861989
12871989
12881989
12891989
12901989
12911989
12921989
12931989
12941989
12951989
12961989
12971989
12981989
12991989
13001989
13011989
13021989
13031989
13041989
13051989
13061989
13071989
13081989
13091989
13101989
13111989
13121989
13131989
13141989
13151989
13161989
13171989
13181989
13191989
13201989
13211989
13221989
13231989
13241989
13251989
13261989
13271989
13281989
13291989
13301989
13311989
13321989
13331989
13341989
13351989
13361989
13371989
13381989
13391989
13401989
13411989
13421989
13431989
13441989
13451989
13461989
13471989
13481989
13491989
13501989
13511989
13521989
13531989
13541989
13551989
13561989
13571989
13581989
13591989
13601989
13611989
13621989
13631989
13641989
13651989
13661989
13671989
13681989
13691989
13701989
13711989
13721989
13731989
13741989
13751989
13761989
13771989
13781989
13791989
13801989
13811989
13821989
13831989
13841989
13851989
13861989
13871989
13881989
13891989
13901989
13911989
13921989
13931989
13941989
13951989
13961989
13971989
13981989
13991989
14001989
14011989
14021989
14031989
14041989
14051989
14061989
14071989
14081989
14091989
14101989
14111989
14121989
14131989
14141989
14151989
14161989
14171989
14181989
14191989
14201989
14211989
14221989
14231989
14241989
14251989
14261989
14271989
14281989
14291989
14301989
14311989
14321989
14331989
14341989
14351989
14361989
14371989
14381989
14391989
14401989
14411989
14421989
14431989
14441989
14451989
14461989
14471989
14481989
14491989
14501989
14511989
14521989
14531989
14541989
14551989
14561989
14571989
14581989
14591989
14601989
14611989
14621989
14631989
14641989
14651989
14661989
14671989
14681989
14691989
14701989
14711989
14721989
14731989
14741989
14751989
14761989
14771989
14781989
14791989
14801989
14811989
14821989
14831989
14841989
14851989
14861989
14871989
14881989
14891989
14901989
14911989
14921989
14931989
14941989
14951989
14961989
14971989
14981989
14991989
15001989
15011989
15021989
15031989
15041989
15051989
15061989
15071989
15081989
15091989
15101989
15111989
15121989
15131989
15141989
15151989
15161989
15171989
15181989
15191989
15201989
15211989
15221989
15231989
15241989
15251989
15261989
15271989
15281989
15291989
15301989
15311989
15321989
15331989
15341989
15351989
15361989
15371989
15381989
15391989
15401989
15411989
15421989
15431989
15441989
15451989
15461989
15471989
15481989
15491989
15501989
15511989
15521989
15531989
15541989
15551989
15561989
15571989
15581989
15591989
15601989
15611989
15621989
15631989
15641989
15651989
15661989
15671989
15681989
15691989
15701989
15711989
15721989
15731989
15741989
15751989
15761989
15771989
15781989
15791989
15801989
15811989
15821989
15831989
15841989
15851989
15861989
15871989
15881989
15891989
15901989
15911989
15921989
15931989
15941989
15951989
15961989
15971989
15981989
15991989
16001989
16011989
16021989
16031989
16041989
16051989
16061989
16071989
16081989
16091989
16101989
16111989
16121989
16131989
16141989
16151989
16161989
16171989
16181989
16191989
16201989
16211989
16221989
16231989
16241989
16251989
16261989
16271989
16281989
16291989
16301989
16311989
16321989
16331989
16341989
16351989
16361989
16371989
16381989
16391989
16401989
16411989
16421989
16431989
16441989
16451989
16461989
16471989
16481989
16491989
16501989
16511989
16521989
16531989
16541989
16551989
16561989
16571989
16581989
16591989
16601989
16611989
16621989
16631989
16641989
16651989
16661989
16671989
16681989
16691989
16701989
16711989
16721989
16731989
16741989
16751989
16761989
16771989
16781989
16791989
16801989
16811989
16821989
16831989
16841989
16851989
16861989
16871989
16881989
16891989
16901989
16911989
16921989
16931989
16941989
16951989
16961989
16971989
16981989
16991989
17001989
17011989
17021989
17031989
17041989
17051989
17061989
17071989
17081989
17091989
17101989
17111989
17121989
17131989
17141989
17151989
17161989
17171989
17181989
17191989
17201989
17211989
17221989
17231989
17241989
17251989
17261989
17271989
17281989
17291989
17301989
17311989
17321989
17331989
17341989
17351989
17361989
17371989
17381989
17391989
17401989
17411989
17421989
17431989
17441989
17451989
17461989
17471989
17481989
17491989
17501989
17511989
17521989
17531989
17541989
17551989
17561989
17571989
17581989
17591989
17601989
17611989
17621989
17631989
17641989
17651989
17661989
17671989
17681989
17691989
17701989
17711989
17721989
17731989
17741989
17751989
17761989
17771989
17781989
17791989
17801989
17811989
17821989
17831989
17841989
17851989
17861989
17871989
17881989
17891989
17901989
17911989
17921989
17931989
17941989
17951989
17961989
17971989
17981989
17991989
18001989
18011989
18021989
18031989
18041989
18051989
18061989
18071989
18081989
18091989
18101989
18111989
18121989
18131989
18141989
18151989
18161989
18171989
18181989
18191989
18201989
18211989
18221989
18231989
18241989
18251989
18261989
18271989
18281989
18291989
18301989
18311989
18321989
18331989
18341989
18351989
18361989
18371989
18381989
18391989
18401989
18411989
18421989
18431989
18441989
18451989
18461989
18471989
18481989
18491989
18501989
18511989
18521989
18531989
18541989
18551989
18561989
18571989
18581989
18591989
18601989
18611989
18621989
18631989
18641989
18651989
18661989
18671989
18681989
18691989
18701989
18711989
18721989
18731989
18741989
18751989
18761989
18771989
18781989
18791989
18801989
18811989
18821989
18831989
18841989
18851989
18861989
18871989
18881989
18891989
18901989
18911989
18921989
18931989
18941989
18951989
18961989
18971989
18981989
18991989
19001989
19011989
19021989
19031989
19041989
19051989
19061989
19071989
19081989
19091989
19101989
19111989
19121989
19131989
19141989
19151989
19161989
19171989
19181989
19191989
19201989
19211989
19221989
19231989
19241989
19251989
19261989
19271989
19281989
19291989
19301989
19311989
19321989
19331989
19341989
19351989
19361989
19371989
19381989
19391989
19401989
19411989
19421989
19431989
19441989
19451989
19461989
19471989
19481989
19491989
19501989
19511989
19521989
19531989
19541989
19551989
19561989
19571989
19581989
19591989
19601989
19611989
19621989
19631989
19641989
19651989
19661989
19671989
19681989
19691989
19701989
19711989
19721989
19731989
19741989
19751989
19761989
19771989
19781989
19791989
19801989
19811989
19821989
19831989
19841989
19851989
19861989
19871989
19881989
19891989
19901989
19911989
19921989
19931989
19941989
19951989
19961989
19971989
19981989
19991989
20001989
20011989
20021989
20031989
20041989
20051989
20061989
20071989
20081989
20091989
20101989
20111989
20121989
20131989
20141989
20151989
20161989
20171989
20181989
20191989
20201989
20211989
20221989
20231989
20241989
20251989
20261989
20271989
20281989
20291989
20301989
20311989
20321989
20331989
20341989
20351989
20361989
20371989
20381989
20391989
20401989
20411989
20421989
20431989
20441989
20451989
20461989
20471989
20481989
20491989
20501989
20511989
20521989
20531989
20541989
20551989
20561989
20571989
20581989
20591989
20601989
20611989
20621989
20631989
20641989
20651989
20661989
20671989
20681989
20691989
20701989
20711989
20721989
20731989
20741989
20751989
20761989
20771989
20781989
20791989
20801989
20811989
20821989
20831989
20841989
20851989
20861989
20871989
20881989
20891989
20901989
20911989
20921989
20931989
20941989
20951989
20961989
20971989
20981989
20991989
21001989
21011989
21021989
21031989
21041989
21051989
21061989
21071989
21081989
21091989
21101989
21111989
21121989
21131989
21141989
21151989
21161989
21171989
21181989
21191989
21201989
21211989
21221989
21231989
21241989
21251989
21261989
21271989
21281989
21291989
21301989
21311989
21321989
21331989
21341989
21351989
21361989
21371989
21381989
21391989
21401989
21411989
21421989
21431989
21441989
21451989
21461989
21471989
21481989
21491989
21501989
21511989
21521989
21531989
21541989
21551989
21561989
21571989
21581989
21591989
21601989
21611989
21621989
21631989
21641989
21651989
21661989
21671989
21681989
21691989
21701989
21711989
21721989
21731989
21741989
21751989
21761989
21771989
21781989
21791989
21801989
21811989
21821989
21831989
21841989
21851989
21861989
21871989
21881989
21891989
21901989
21911989
21921989
21931989
21941989
21951989
21961989
21971989
21981989
21991989
22001989
22011989
22021989
22031989
22041989
22051989
22061989
22071989
22081989
22091989
22101989
22111989
22121989
22131989
22141989
22151989
22161989
22171989
22181989
22191989
22201989
22211989
22221989
22231989
22241989
22251989
22261989
22271989
22281989
22291989
22301989
22311989
22321989
22331989
22341989
22351989
22361989
22371989
22381989
22391989
22401989
22411989
22421989
22431989
22441989
22451989
22461989
22471989
22481989
22491989
22501989
22511989
22521989
22531989
22541989
22551989
22561989
22571989
22581989
22591989
22601989
22611989
22621989
22631989
22641989
22651989
22661989
22671989
22681989
22691989
22701989
22711989
22721989
22731989
22741989
22751989
22761989
22771989
22781989
22791989
22801989
22811989
22821989
22831989
22841989
22851989
22861989
22871989
22881989
22891989
22901989
22911989
22921989
22931989
22941989
22951989
22961989
22971989
22981989
22991989
23001989
23011989
23021989
23031989
23041989
23051989
23061989
23071989
23081989
23091989
23101989
23111989
23121989
23131989
23141989
23151989
23161989
23171989
23181989
23191989
23201989
23211989
23221989
23231989
23241989
23251989
23261989
23271989
23281989
23291989
23301989
23311989
23321989
23331989
23341989
23351989
23361989
23371989
23381989
23391989
23401989
23411989
23421989
23431989
23441989
23451989
23461989
23471989
23481989
23491989
23501989
23511989
23521989
23531989
23541989
23551989
23561989
23571989
23581989
23591989
23601989
23611989
23621989
23631989
23641989
23651989
23661989
23671989
23681989
23691989
23701989
23711989
23721989
23731989
23741989
23751989
23761989
23771989
23781989
23791989
23801989
23811989
23821989
23831989
23841989
23851989
23861989
23871989
23881989
23891989
23901989
23911989
23921989
23931989
23941989
23951989
23961989
23971989
23981989
23991989
24001989
24011989
24021989
24031989
24041989
24051989
24061989
24071989
24081989
24091989
24101989
24111989
24121989
24131989
24141989
24151989
24161989
24171989
24181989
24191989
24201989
24211989
24221989
24231989
24241989
24251989
24261989
24271989
24281989
24291989
24301989
24311989
24321989
24331989
24341989
24351989
24361989
24371989
24381989
24391989
24401989
24411989
24421989
24431989
24441989
24451989
24461989
24471989
24481989
24491989
24501989
24511989
24521989
24531989
24541989
24551989
24561989
24571989
24581989
24591989
24601989
24611989
24621989
24631989
24641989
24651989
24661989
24671989
24681989
24691989
24701989
24711989
24721989
24731989
24741989
24751989
24761989
24771989
24781989
24791989
24801989
24811989
24821989
24831989
24841989
24851989
24861989
24871989
24881989
24891989
24901989
24911989
24921989
24931989
24941989
24951989
24961989
24971989
24981989
24991989
25001989
25011989
25021989
25031989
25041989
25051989
25061989
25071989
25081989
25091989
25101989
25111989
25121989
25131989
25141989
25151989
25161989
25171989
25181989
25191989
25201989
25211989
25221989
25231989
25241989
25251989
25261989
25271989
25281989
25291989
25301989
25311989
25321989
25331989
25341989
25351989
25361989
25371989
25381989
25391989
25401989
25411989
25421989
25431989
25441989
25451989
25461989
25471989
25481989
25491989
25501989
25511989
25521989
25531989
25541989
25551989
25561989
25571989
25581989
25591989
25601989
25611989
25621989
25631989
25641989
25651989
25661989
25671989
25681989
25691989
25701989
25711989
25721989
25731989
25741989
25751989
25761989
25771989
25781989
25791989
25801989
25811989
25821989
25831989
25841989
25851989
25861989
25871989
25881989
25891989
25901989
25911989
25921989
25931989
25941989
25951989
25961989
25971989
25981989
25991989
26001989
26011989
26021989
26031989
26041989
26051989
26061989
26071989
26081989
26091989
26101989
26111989
26121989
26131989
26141989
26151989
26161989
26171989
26181989
26191989
26201989
26211989
26221989
26231989
26241989
26251989
26261989
26271989
26281989
26291989
26301989
26311989
26321989
26331989
26341989
26351989
26361989
26371989
26381989
26391989
26401989
26411989
26421989
26431989
26441989
26451989
26461989
26471989
26481989
26491989
26501989
26511989
26521989
26531989
26541989
26551989
26561989
26571989
26581989
26591989
26601989
26611989
26621989
26631989
26641989
26651989
26661989
26671989
26681989
26691989
26701989
26711989
26721989
26731989
26741989
26751989
26761989
26771989
26781989
26791989
26801989
26811989
26821989
26831989
26841989
26851989
26861989
26871989
26881989
26891989
26901989
26911989
26921989
26931989
26941989
26951989
26961989
26971989
26981989
26991989
27001989
27011989
27021989
27031989
27041989
27051989
27061989
27071989
27081989
27091989
27101989
27111989
27121989
27131989
27141989
27151989
27161989
27171989
27181989
27191989
27201989
27211989
27221989
27231989
27241989
27251989
27261989
27271989
27281989
27291989
27301989
27311989
27321989
27331989
27341989
27351989
27361989
27371989
27381989
27391989
27401989
27411989
27421989
27431989
27441989
27451989
27461989
27471989
27481989
27491989
27501989
27511989
27521989
27531989
27541989
27551989
27561989
27571989
27581989
27591989
27601989
27611989
27621989
27631989
27641989
27651989
27661989
27671989
27681989
27691989
27701989
27711989
27721989
27731989
27741989
27751989
27761989
27771989
27781989
27791989
27801989
27811989
27821989
27831989
27841989
27851989
27861989
27871989
27881989
27891989
27901989
27911989
27921989
27931989
27941989
27951989
27961989
27971989
27981989
27991989
28001989
28011989
28021989
28031989
28041989
28051989
28061989
28071989
28081989
28091989
28101989
28111989
28121989
28131989
28141989
28151989
28161989
28171989
28181989
28191989
28201989
28211989
28221989
28231989
28241989
28251989
28261989
28271989
28281989
28291989
28301989
28311989
28321989
28331989
28341989
28351989
28361989
28371989
28381989
28391989
28401989
28411989
28421989
28431989
28441989
28451989
28461989
28471989
28481989
28491989
28501989
28511989
28521989
28531989
28541989
28551989
28561989
28571989
28581989
28591989
28601989
28611989
28621989
28631989
28641989
28651989
28661989
28671989
28681989
28691989
28701989
28711989
28721989
28731989
28741989
28751989
28761989
28771989
28781989
28791989
28801989
28811989
28821989
28831989
28841989
28851989
28861989
28871989
28881989
28891989
28901989
28911989
28921989
28931989
28941989
28951989
28961989
28971989
28981989
28991989
29001989
29011989
29021989
29031989
29041989
29051989
29061989
29071989
29081989
29091989
29101989
29111989
29121989
29131989
29141989
29151989
29161989
29171989
29181989
29191989
29201989
29211989
29221989
29231989
29241989
29251989
29261989
29271989
29281989
29291989
29301989
29311989
29321989
29331989
29341989
29351989
29361989
29371989
29381989
29391989
29401989
29411989
29421989
29431989
29441989
29451989
29461989
29471989
29481989
29491989
29501989
29511989
29521989
29531989
29541989
29551989
29561989
29571989
29581989
29591989
29601989
29611989
29621989
29631989
29641989
29651989
29661989
29671989
29681989
29691989
29701989
29711989
29721989
29731989
29741989
29751989
29761989
29771989
29781989
29791989
29801989
29811989
29821989
29831989
29841989
29851989
29861989
29871989
29881989
29891989
29901989
29911989
29921989
29931989
29941989
29951989
29961989
29971989
29981989
29991989
30001989
30011989
30021989
30031989
30041989
30051989
30061989
30071989
30081989
30091989
30101989
30111989
30121989
30131989
30141989
30151989
30161989
30171989
30181989
30191989
30201989
30211989
30221989
30231989
30241989
30251989
30261989
30271989
30281989
30291989
30301989
30311989
30321989
30331989
30341989
30351989
30361989
30371989
30381989
30391989
30401989
30411989
30421989
30431989
30441989
30451989
30461989
30471989
30481989
30491989
30501989
30511989
30521989
30531989
30541989
30551989
30561989
30571989
30581989
30591989
30601989
30611989
30621989
30631989
30641989
30651989
30661989
30671989
30681989
30691989
30701989
30711989
30721989
30731989
30741989
30751989
30761989
30771989
30781989
30791989
30801989
30811989
30821989
30831989
30841989
30851989
30861989
30871989
30881989
30891989
30901989
30911989
30921989
30931989
30941989
30951989
30961989
30971989
30981989
30991989
31001989
31011989
31021989
31031989
31041989
31051989
31061989
31071989
31081989
31091989
31101989
31111989
31121989
31131989
31141989
31151989
31161989
31171989
31181989
31191989
31201989
31211989
31221989
31231989
31241989
31251989
31261989
31271989
31281989
31291989
31301989
31311989
31321989
31331989
31341989
31351989
31361989
31371989
31381989
31391989
31401989
31411989
31421989
31431989
31441989
31451989
31461989
31471989
31481989
31491989
31501989
31511989
31521989
31531989
31541989
31551989
31561989
31571989
31581989
31591989
31601989
31611989
31621989
31631989
31641989
31651989
31661989
31671989
31681989
31691989
31701989
31711989
31721989
31731989
31741989
31751989
31761989
31771989
31781989
31791989
31801989
31811989
31821989
31831989
31841989
31851989
31861989
31871989
31881989
31891989
31901989
31911989
31921989
31931989
31941989
31951989
31961989
31971989
31981989
31991989
32001989
32011989
32021989
32031989
32041989
32051989
32061989
32071989
32081989
32091989
32101989
32111989
32121989
32131989
32141989
32151989
32161989
32171989
32181989
32191989
32201989
32211989
32221989
32231989
32241989
32251989
32261989
32271989
32281989
32291989
32301989
32311989
32321989
32331989
32341989
32351989
32361989
32371989
32381989
32391989
32401989
32411989
32421989
32431989
32441989
32451989
32461989
32471989
32481989
32491989
32501989
32511989
32521989
32531989
32541989
32551989
32561989
32571989
32581989
32591989
32601989
32611989
32621989
32631989
32641989
32651989
32661989
32671989
32681989
32691989
32701989
32711989
32721989
32731989
32741989
32751989
32761989
32771989
32781989
32791989
32801989
32811989
32821989
32831989
32841989
32851989
32861989
32871989
32881989
32891989
32901989
32911989
32921989
32931989
32941989
32951989
32961989
32971989
32981989
32991989
33001989
33011989
33021989
33031989
33041989
33051989
33061989
33071989
33081989
33091989
33101989
33111989
33121989
33131989
33141989
33151989
33161989
33171989
33181989
33191989
33201989
33211989
33221989
33231989
33241989
33251989
33261989
33271989
33281989
33291989
33301989
33311989
33321989
33331989
33341989
33351989
33361989
33371989
33381989
33391989
33401989
33411989
33421989
33431989
33441989
33451989
33461989
33471989
33481989
33491989
33501989
33511989
33521989
33531989
33541989
33551989
33561989
33571989
33581989
33591989
33601989
33611989
33621989
33631989
33641989
33651989
33661989
33671989
33681989
33691989
33701989
33711989
33721989
33731989
33741989
33751989
33761989
33771989
33781989
33791989
33801989
33811989
33821989
33831989
33841989
33851989
33861989
33871989
33881989
33891989
33901989
33911989
33921989
33931989
33941989
33951989
33961989
33971989
33981989
33991989
34001989
34011989
34021989
34031989
34041989
34051989
34061989
34071989
34081989
34091989
34101989
34111989
34121989
34131989
34141989
34151989
34161989
34171989
34181989
34191989
34201989
34211989
34221989
34231989
34241989
34251989
34261989
34271989
34281989
34291989
34301989
34311989
34321989
34331989
34341989
34351989
34361989
34371989
34381989
34391989
34401989
34411989
34421989
34431989
34441989
34451989
34461989
34471989
34481989
34491989
34501989
34511989
34521989
34531989
34541989
34551989
34561989
34571989
34581989
34591989
34601989
34611989
34621989
34631989
34641989
34651989
34661989
34671989
34681989
34691989
34701989
34711989
34721989
34731989
34741989
34751989
34761989
34771989
34781989
34791989
34801989
34811989
34821989
34831989
34841989
34851989
34861989
34871989
34881989
34891989
34901989
34911989
34921989
34931989
34941989
34951989
34961989
34971989
34981989
34991989
35001989
35011989
35021989
35031989
35041989
35051989
35061989
35071989
35081989
35091989
35101989
35111989
35121989
35131989
35141989
35151989
35161989
35171989
35181989
35191989
35201989
35211989
35221989
35231989
35241989
35251989
35261989
35271989
35281989
35291989
35301989
35311989
35321989
35331989
35341989
35351989
35361989
35371989
35381989
35391989
35401989
35411989
35421989
35431989
35441989
35451989
35461989
35471989
35481989
35491989
35501989
35511989
35521989
35531989
35541989
35551989
35561989
35571989
35581989
35591989
35601989
35611989
35621989
35631989
35641989
35651989
35661989
35671989
35681989
35691989
35701989
35711989
35721989
35731989
35741989
35751989
35761989
35771989
35781989
35791989
35801989
35811989
35821989
35831989
35841989
35851989
35861989
35871989
35881989
35891989
35901989
35911989
35921989
35931989
35941989
35951989
35961989
35971989
35981989
35991989
36001989
36011989
36021989
36031989
36041989
36051989
36061989
36071989
36081989
36091989
36101989
36111989
36121989
36131989
36141989
36151989
36161989
36171989
36181989
36191989
36201989
36211989
36221989
36231989
36241989
36251989
36261989
36271989
36281989
36291989
36301989
36311989
36321989
36331989
36341989
36351989
36361989
36371989
36381989
36391989
36401989
36411989
36421989
36431989
36441989
36451989
36461989
36471989
36481989
36491989
36501989
36511989
36521989
36531989
36541989
36551989
36561989
36571989
36581989
36591989
36601989
36611989
36621989
36631989
36641989
36651989
36661989
36671989
36681989
36691989
36701989
36711989
36721989
36731989
36741989
36751989
36761989
36771989
36781989
36791989
36801989
36811989
36821989
36831989
36841989
36851989
36861989
36871989
36881989
36891989
36901989
36911989
36921989
36931989
36941989
36951989
36961989
36971989
36981989
36991989
37001989
37011989
37021989
37031989
37041989
37051989
37061989
37071989
37081989
37091989
37101989
37111989
37121989
37131989
37141989
37151989
37161989
37171989
37181989
37191989
37201989
37211989
37221989
37231989
37241989
37251989
37261989
37271989
37281989
37291989
37301989
37311989
37321989
37331989
37341989
37351989
37361989
37371989
37381989
37391989
37401989
37411989
37421989
37431989
37441989
37451989
37461989
37471989
37481989
37491989
37501989
37511989
37521989
37531989
37541989
37551989
37561989
37571989
37581989
37591989
37601989
37611989
37621989
37631989
37641989
37651989
37661989
37671989
37681989
37691989
37701989
37711989
37721989
37731989
37741989
37751989
37761989
37771989
37781989
37791989
37801989
37811989
37821989
37831989
37841989
37851989
37861989
37871989
37881989
37891989
37901989
37911989
37921989
37931989
37941989
37951989
37961989
37971989
37981989
37991989
38001989
38011989
38021989
38031989
38041989
38051989
38061989
38071989
38081989
38091989
38101989
38111989
38121989
38131989
38141989
38151989
38161989
38171989
38181989
38191989
38201989
38211989
38221989
38231989
38241989
38251989
38261989
38271989
38281989
38291989
38301989
38311989
38321989
38331989
38341989
38351989
38361989
38371989
38381989
38391989
38401989
38411989
38421989
38431989
38441989
38451989
38461989
38471989
38481989
38491989
38501989
38511989
38521989
38531989
38541989
38551989
38561989
38571989
38581989
38591989
38601989
38611989
38621989
38631989
38641989
38651989
38661989
38671989
38681989
38691989
38701989
38711989
38721989
38731989
38741989
38751989
38761989
38771989
38781989
38791989
38801989
38811989
38821989
38831989
38841989
38851989
38861989
38871989
38881989
38891989
38901989
38911989
38921989
38931989
38941989
38951989
38961989
38971989
38981989
38991989
39001989
39011989
39021989
39031989
39041989
39051989
39061989
39071989
39081989
39091989
39101989
39111989
39121989
39131989
39141989
39151989
39161989
39171989
39181989
39191989
39201989
39211989
39221989
39231989
39241989
39251989
39261989
39271989
39281989
39291989
39301989
39311989
39321989
39331989
39341989
39351989
39361989
39371989
39381989
39391989
39401989
39411989
39421989
39431989
39441989
39451989
39461989
39471989
39481989
39491989
39501989
39511989
39521989
39531989
39541989
39551989
39561989
39571989
39581989
39591989
39601989
39611989
39621989
39631989
39641989
39651989
39661989
39671989
39681989
39691989
39701989
39711989
39721989
39731989
39741989
39751989
39761989
39771989
39781989
39791989
39801989
39811989
39821989
39831989
39841989
39851989
39861989
39871989
39881989
39891989
39901989
39911989
39921989
39931989
39941989
39951989
39961989
39971989
39981989
39991989
40001989
40011989
40021989
40031989
40041989
40051989
40061989
40071989
40081989
40091989
40101989
40111989
40121989
40131989
40141989
40151989
40161989
40171989
40181989
40191989
40201989
40211989
40221989
40231989
40241989
40251989
40261989
40271989
40281989
40291989
40301989
40311989
40321989
40331989
40341989
40351989
40361989
40371989
40381989
40391989
40401989
40411989
40421989
40431989
40441989
40451989
40461989
40471989
40481989
40491989
40501989
40511989
40521989
40531989
40541989
40551989
40561989
40571989
40581989
40591989
40601989
40611989
40621989
40631989
40641989
40651989
40661989
40671989
40681989
40691989
40701989
40711989
40721989
40731989
40741989
40751989
40761989
40771989
40781989
40791989
40801989
40811989
40821989
40831989
40841989
40851989
40861989
40871989
40881989
40891989
40901989
40911989
40921989
40931989
40941989
40951989
40961989
40971989
40981989
40991989
41001989
41011989
41021989
41031989
41041989
41051989
41061989
41071989
41081989
41091989
41101989
41111989
41121989
41131989
41141989
41151989
41161989
41171989
41181989
41191989
41201989
41211989
41221989
41231989
41241989
41251989
41261989
41271989
41281989
41291989
41301989
41311989
41321989
41331989
41341989
41351989
41361989
41371989
41381989
41391989
41401989
41411989
41421989
41431989
41441989
41451989
41461989
41471989
41481989
41491989
41501989
41511989
41521989
41531989
41541989
41551989
41561989
41571989
41581989
41591989
41601989
41611989
41621989
41631989
41641989
41651989
41661989
41671989
41681989
41691989
41701989
41711989
41721989
41731989
41741989
41751989
41761989
41771989
41781989
41791989
41801989
41811989
41821989
41831989
41841989
41851989
41861989
41871989
41881989
41891989
41901989
41911989
41921989
41931989
41941989
41951989
41961989
41971989
41981989
41991989
42001989
42011989
42021989
42031989
42041989
42051989
42061989
42071989
42081989
42091989
42101989
42111989
42121989
42131989
42141989
42151989
42161989
42171989
42181989
42191989
42201989
42211989
42221989
42231989
42241989
42251989
42261989
42271989
42281989
42291989
42301989
42311989
42321989
42331989
42341989
42351989
42361989
42371989
42381989
42391989
42401989
42411989
42421989
42431989
42441989
42451989
42461989
42471989
42481989
42491989
42501989
42511989
42521989
42531989
42541989
42551989
42561989
42571989
42581989
42591989
42601989
42611989
42621989
42631989
42641989
42651989
42661989
42671989
42681989
42691989
42701989
42711989
42721989
42731989
42741989
42751989
42761989
42771989
42781989
42791989
42801989
42811989
42821989
42831989
42841989
42851989
42861989
42871989
42881989
42891989
42901989
42911989
42921989
42931989
42941989
42951989
42961989
42971989
42981989
42991989
43001989
43011989
43021989
43031989
43041989
43051989
43061989
43071989
43081989
43091989
43101989
43111989
43121989
43131989
43141989
43151989
43161989
43171989
43181989
43191989
43201989
43211989
43221989
43231989
43241989
43251989
43261989
43271989
43281989
43291989
43301989
43311989
43321989
43331989
43341989
43351989
43361989
43371989
43381989
43391989
43401989
43411989
43421989
43431989
43441989
43451989
43461989
43471989
43481989
43491989
43501989
43511989
43521989
43531989
43541989
43551989
43561989
43571989
43581989
43591989
43601989
43611989
43621989
43631989
43641989
43651989
43661989
43671989
43681989
43691989
43701989
43711989
43721989
43731989
43741989
43751989
43761989
43771989
43781989
43791989
43801989
43811989
43821989
43831989
43841989
43851989
43861989
43871989
43881989
43891989
43901989
43911989
43921989
43931989
43941989
43951989
43961989
43971989
43981989
43991989
44001989
44011989
44021989
44031989
44041989
44051989
44061989
44071989
44081989
44091989
44101989
44111989
44121989
44131989
44141989
44151989
44161989
44171989
44181989
44191989
44201989
44211989
44221989
44231989
44241989
44251989
44261989
44271989
44281989
44291989
44301989
44311989
44321989
44331989
44341989
44351989
44361989
44371989
44381989
44391989
44401989
44411989
44421989
44431989
44441989
44451989
44461989
44471989
44481989
44491989
44501989
44511989
44521989
44531989
44541989
44551989
44561989
44571989
44581989
44591989
44601989
44611989
44621989
44631989
44641989
44651989
44661989
44671989
44681989
44691989
44701989
44711989
44721989
44731989
44741989
44751989
44761989
44771989
44781989
44791989
44801989
44811989
44821989
44831989
44841989
44851989
44861989
44871989
44881989
44891989
44901989
44911989
44921989
44931989
44941989
44951989
44961989
44971989
44981989
44991989
45001989
45011989
45021989
45031989
45041989
45051989
45061989
45071989
45081989
45091989
45101989
45111989
45121989
45131989
45141989
45151989
45161989
45171989
45181989
45191989
45201989
45211989
45221989
45231989
45241989
45251989
45261989
45271989
45281989
45291989
45301989
45311989
45321989
45331989
45341989
45351989
45361989
45371989
45381989
45391989
45401989
45411989
45421989
45431989
45441989
45451989
45461989
45471989
45481989
45491989
45501989
45511989
45521989
45531989
45541989
45551989
45561989
45571989
45581989
45591989
45601989
45611989
45621989
45631989
45641989
45651989
45661989
45671989
45681989
45691989
45701989
45711989
45721989
45731989
45741989
45751989
45761989
45771989
45781989
45791989
45801989
45811989
45821989
45831989
45841989
45851989
45861989
45871989
45881989
45891989
45901989
45911989
45921989
45931989
45941989
45951989
45961989
45971989
45981989
45991989
46001989
46011989
46021989
46031989
46041989
46051989
46061989
46071989
46081989
46091989
46101989
46111989
46121989
46131989
46141989
46151989
46161989
46171989
46181989
46191989
46201989
46211989
46221989
46231989
46241989
46251989
46261989
46271989
46281989
46291989
46301989
46311989
46321989
46331989
46341989
46351989
46361989
46371989
46381989
46391989
46401989
46411989
46421989
46431989
46441989
46451989
46461989
46471989
46481989
46491989
46501989
46511989
46521989
46531989
46541989
46551989
46561989
46571989
46581989
46591989
46601989
46611989
46621989
46631989
46641989
46651989
46661989
46671989
46681989
46691989
46701989
46711989
46721989
46731989
46741989
46751989
46761989
46771989
46781989
46791989
46801989
46811989
46821989
46831989
46841989
46851989
46861989
46871989
46881989
46891989
46901989
46911989
46921989
46931989
46941989
46951989
46961989
46971989
46981989
46991989
47001989
47011989
47021989
47031989
47041989
47051989
47061989
47071989
47081989
47091989
47101989
47111989
47121989
47131989
47141989
47151989
47161989
47171989
47181989
47191989
47201989
47211989
47221989
47231989
47241989
47251989
47261989
47271989
47281989
47291989
47301989
47311989
47321989
47331989
47341989
47351989
47361989
47371989
47381989
47391989
47401989
47411989
47421989
47431989
47441989
47451989
47461989
47471989
47481989
47491989
47501989
47511989
47521989
47531989
47541989
47551989
47561989
47571989
47581989
47591989
47601989
47611989
47621989
47631989
47641989
47651989
47661989
47671989
47681989
47691989
47701989
47711989
47721989
47731989
47741989
47751989
47761989
47771989
47781989
47791989
47801989
47811989
47821989
47831989
47841989
47851989
47861989
47871989
47881989
47891989
47901989
47911989
47921989
47931989
47941989
47951989
47961989
47971989
47981989
47991989
48001989
48011989
48021989
48031989
48041989
48051989
48061989
48071989
48081989
48091989
48101989
48111989
48121989
48131989
48141989
48151989
48161989
48171989
48181989
48191989
48201989
48211989
48221989
48231989
48241989
48251989
48261989
48271989
48281989
48291989
48301989
48311989
48321989
48331989
48341989
48351989
48361989
48371989
48381989
48391989
48401989
48411989
48421989
48431989
48441989
48451989
48461989
48471989
48481989
48491989
48501989
48511989
48521989
48531989
48541989
48551989
48561989
48571989
48581989
48591989
48601989
48611989
48621989
48631989
48641989
48651989
48661989
48671989
48681989
48691989
48701989
48711989
48721989
48731989
48741989
48751989
48761989
48771989
48781989
48791989
48801989
48811989
48821989
48831989
48841989
48851989
48861989
48871989
48881989
48891989
48901989
48911989
48921989
48931989
48941989
48951989
48961989
48971989
48981989
48991989
49001989
49011989
49021989
49031989
49041989
49051989
49061989
49071989
49081989
49091989
49101989
49111989
49121989
49131989
49141989
49151989
49161989
49171989
49181989
49191989
49201989
49211989
49221989
49231989
49241989
49251989
49261989
49271989
49281989
49291989
49301989
49311989
49321989
49331989
49341989
49351989
49361989
49371989
49381989
49391989
49401989
49411989
49421989
49431989
49441989
49451989
49461989
49471989
49481989
49491989
49501989
49511989
49521989
49531989
49541989
49551989
49561989
49571989
49581989
49591989
49601989
49611989
49621989
49631989
49641989
49651989
49661989
49671989
49681989
49691989
49701989
49711989
49721989
49731989
49741989
49751989
49761989
49771989
49781989
49791989
49801989
49811989
49821989
49831989
49841989
49851989
49861989
49871989
49881989
49891989
49901989
49911989
49921989
49931989
49941989
49951989
49961989
49971989
49981989
49991989
50001989
50011989
50021989
50031989
50041989
50051989
50061989
50071989
50081989
50091989
50101989
50111989
50121989
50131989
50141989
50151989
50161989
50171989
50181989
50191989
50201989
50211989
50221989
50231989
50241989
50251989
50261989
50271989
50281989
50291989
50301989
50311989
50321989
50331989
50341989
50351989
50361989
50371989
50381989
50391989
50401989
50411989
50421989
50431989
50441989
50451989
50461989
50471989
50481989
50491989
50501989
50511989
50521989
50531989
50541989
50551989
50561989
50571989
50581989
50591989
50601989
50611989
50621989
50631989
50641989
50651989
50661989
50671989
50681989
50691989
50701989
50711989
50721989
50731989
50741989
50751989
50761989
50771989
50781989
50791989
50801989
50811989
50821989
50831989
50841989
50851989
50861989
50871989
50881989
50891989
50901989
50911989
50921989
50931989
50941989
50951989
50961989
50971989
50981989
50991989
51001989
51011989
51021989
51031989
51041989
51051989
51061989
51071989
51081989
51091989
51101989
51111989
51121989
51131989
51141989
51151989
51161989
51171989
51181989
51191989
51201989
51211989
51221989
51231989
51241989
51251989
51261989
51271989
51281989
51291989
51301989
51311989
51321989
51331989
51341989
51351989
51361989
51371989
51381989
51391989
51401989
51411989
51421989
51431989
51441989
51451989
51461989
51471989
51481989
51491989
51501989
51511989
51521989
51531989
51541989
51551989
51561989
51571989
51581989
51591989
51601989
51611989
51621989
51631989
51641989
51651989
51661989
51671989
51681989
51691989
51701989
51711989
51721989
51731989
51741989
51751989
51761989
51771989
51781989
51791989
51801989
51811989
51821989
51831989
51841989
51851989
51861989
51871989
51881989
51891989
51901989
51911989
51921989
51931989
51941989
51951989
51961989
51971989
51981989
51991989
52001989
52011989
52021989
52031989
52041989
52051989
52061989
52071989
52081989
52091989
52101989
52111989
52121989
52131989
52141989
52151989
52161989
52171989
52181989
52191989
52201989
52211989
52221989
52231989
52241989
52251989
52261989
52271989
52281989
52291989
52301989
52311989
52321989
52331989
52341989
52351989
52361989
52371989
52381989
52391989
52401989
52411989
52421989
52431989
52441989
52451989
52461989
52471989
52481989
52491989
52501989
52511989
52521989
52531989
52541989
52551989
52561989
52571989
52581989
52591989
52601989
52611989
52621989
52631989
52641989
52651989
52661989
52671989
52681989
52691989
52701989
52711989
52721989
52731989
52741989
52751989
52761989
52771989
52781989
52791989
52801989
52811989
52821989
52831989
52841989
52851989
52861989
52871989
52881989
52891989
52901989
52911989
52921989
52931989
52941989
52951989
52961989
52971989
52981989
52991989
53001989
53011989
53021989
53031989
53041989
53051989
53061989
53071989
53081989
53091989
53101989
53111989
53121989
53131989
53141989
53151989
53161989
53171989
53181989
53191989
53201989
53211989
53221989
53231989
53241989
53251989
53261989
53271989
53281989
53291989
53301989
53311989
53321989
53331989
53341989
53351989
53361989
53371989
53381989
53391989
53401989
53411989
53421989
53431989
53441989
53451989
53461989
53471989
53481989
53491989
53501989
53511989
53521989
53531989
53541989
53551989
53561989
53571989
53581989
53591989
53601989
53611989
53621989
53631989
53641989
53651989
53661989
53671989
53681989
53691989
53701989
53711989
53721989
53731989
53741989
53751989
53761989
53771989
53781989
53791989
53801989
53811989
53821989
53831989
53841989
53851989
53861989
53871989
53881989
53891989
53901989
53911989
53921989
53931989
53941989
53951989
53961989
53971989
53981989
53991989
54001989
54011989
54021989
54031989
54041989
54051989
54061989
54071989
54081989
54091989
54101989
54111989
54121989
54131989
54141989
54151989
54161989
54171989
54181989
54191989
54201989
54211989
54221989
54231989
54241989
54251989
54261989
54271989
54281989
54291989
54301989
54311989
54321989
54331989
54341989
54351989
54361989
54371989
54381989
54391989
54401989
54411989
54421989
54431989
54441989
54451989
54461989
54471989
54481989
54491989
54501989
54511989
54521989
54531989
54541989
54551989
54561989
54571989
54581989
54591989
54601989
54611989
54621989
54631989
54641989
54651989
54661989
54671989
54681989
54691989
54701989
54711989
54721989
54731989
54741989
54751989
54761989
54771989
54781989
54791989
54801989
54811989
54821989
54831989
54841989
54851989
54861989
54871989
54881989
54891989
54901989
54911989
54921989
54931989
54941989
54951989
54961989
54971989
54981989
54991989
55001989
55011989
55021989
55031989
55041989
55051989
55061989
55071989
55081989
55091989
55101989
55111989
55121989
55131989
55141989
55151989
55161989
55171989
55181989
55191989
55201989
55211989
55221989
55231989
55241989
55251989
55261989
55271989
55281989
55291989
55301989
55311989
55321989
55331989
55341989
55351989
55361989
55371989
55381989
55391989
55401989
55411989
55421989
55431989
55441989
55451989
55461989
55471989
55481989
55491989
55501989
55511989
55521989
55531989
55541989
55551989
55561989
55571989
55581989
55591989
55601989
55611989
55621989
55631989
55641989
55651989
55661989
55671989
55681989
55691989
55701989
55711989
55721989
55731989
55741989
55751989
55761989
55771989
55781989
55791989
55801989
55811989
55821989
55831989
55841989
55851989
55861989
55871989
55881989
55891989
55901989
55911989
55921989
55931989
55941989
55951989
55961989
55971989
55981989
55991989
56001989
56011989
56021989
56031989
56041989
56051989
56061989
56071989
56081989
56091989
56101989
56111989
56121989
56131989
56141989
56151989
56161989
56171989
56181989
56191989
56201989
56211989
56221989
56231989
56241989
56251989
56261989
56271989
56281989
56291989
56301989
56311989
56321989
56331989
56341989
56351989
56361989
56371989
56381989
56391989
56401989
56411989
56421989
56431989
56441989
56451989
56461989
56471989
56481989
56491989
56501989
56511989
56521989
56531989
56541989
56551989
56561989
56571989
56581989
56591989
56601989
56611989
56621989
56631989
56641989
56651989
56661989
56671989
56681989
56691989
56701989
56711989
56721989
56731989
56741989
56751989
56761989
56771989
56781989
56791989
56801989
56811989
56821989
56831989
56841989
56851989
56861989
56871989
56881989
56891989
56901989
56911989
56921989
56931989
56941989
56951989
56961989
56971989
56981989
56991989
57001989
57011989
57021989
57031989
57041989
57051989
57061989
57071989
57081989
57091989
57101989
57111989
57121989
57131989
57141989
57151989
57161989
57171989
57181989
57191989
57201989
57211989
57221989
57231989
57241989
57251989
57261989
57271989
57281989
57291989
57301989
57311989
57321989
57331989
57341989
57351989
57361989
57371989
57381989
57391989
57401989
57411989
57421989
57431989
57441989
57451989
57461989
57471989
57481989
57491989
57501989
57511989
57521989
57531989
57541989
57551989
57561989
57571989
57581989
57591989
57601989
57611989
57621989
57631989
57641989
57651989
57661989
57671989
57681989
57691989
57701989
57711989
57721989
57731989
57741989
57751989
57761989
57771989
57781989
57791989
57801989
57811989
57821989
57831989
57841989
57851989
57861989
57871989
57881989
57891989
57901989
57911989
57921989
57931989
57941989
57951989
57961989
57971989
57981989
57991989
58001989
58011989
58021989
58031989
58041989
58051989
58061989
58071989
58081989
58091989
58101989
58111989
58121989
58131989
58141989
58151989
58161989
58171989
58181989
58191989
58201989
58211989
58221989
58231989
58241989
58251989
58261989
58271989
58281989
58291989
58301989
58311989
58321989
58331989
58341989
58351989
58361989
58371989
58381989
58391989
58401989
58411989
58421989
58431989
58441989
58451989
58461989
58471989
58481989
58491989
58501989
58511989
58521989
58531989
58541989
58551989
58561989
58571989
58581989
58591989
58601989
58611989
58621989
58631989
58641989
58651989
58661989
58671989
58681989
58691989
58701989
58711989
58721989
58731989
58741989
58751989
58761989
58771989
58781989
58791989
58801989
58811989
58821989
58831989
58841989
58851989
58861989
58871989
58881989
58891989
58901989
58911989
58921989
58931989
58941989
58951989
58961989
58971989
58981989
58991989
59001989
59011989
59021989
59031989
59041989
59051989
59061989
59071989
59081989
59091989
59101989
59111989
59121989
59131989
59141989
59151989
59161989
59171989
59181989
59191989
59201989
59211989
59221989
59231989
59241989
59251989
59261989
59271989
59281989
59291989
59301989
59311989
59321989
59331989
59341989
59351989
59361989
59371989
59381989
59391989
59401989
59411989
59421989
59431989
59441989
59451989
59461989
59471989
59481989
59491989
59501989
59511989
59521989
59531989
59541989
59551989
59561989
59571989
59581989
59591989
59601989
59611989
59621989
59631989
59641989
59651989
59661989
59671989
59681989
59691989
59701989
59711989
59721989
59731989
59741989
59751989
59761989
59771989
59781989
59791989
59801989
59811989
59821989
59831989
59841989
59851989
59861989
59871989
59881989
59891989
59901989
59911989
59921989
59931989
59941989
59951989
59961989
59971989
59981989
59991989
60001989
60011989
60021989
60031989
60041989
60051989
60061989
60071989
60081989
60091989
60101989
60111989
60121989
60131989
60141989
60151989
60161989
60171989
60181989
60191989
60201989
60211989
60221989
60231989
60241989
60251989
60261989
60271989
60281989
60291989
60301989
60311989
60321989
60331989
60341989
60351989
60361989
60371989
60381989
60391989
60401989
60411989
60421989
60431989
60441989
60451989
60461989
60471989
60481989
60491989
60501989
60511989
60521989
60531989
60541989
60551989
60561989
60571989
60581989
60591989
60601989
60611989
60621989
60631989
60641989
60651989
60661989
60671989
60681989
60691989
60701989
60711989
60721989
60731989
60741989
60751989
60761989
60771989
60781989
60791989
60801989
60811989
60821989
60831989
60841989
60851989
60861989
60871989
60881989
60891989
60901989
60911989
60921989
60931989
60941989
60951989
60961989
60971989
60981989
60991989
61001989
61011989
61021989
61031989
61041989
61051989
61061989
61071989
61081989
61091989
61101989
61111989
61121989
61131989
61141989
61151989
61161989
61171989
61181989
61191989
61201989
61211989
61221989
61231989
61241989
61251989
61261989
61271989
61281989
61291989
61301989
61311989
61321989
61331989
61341989
61351989
61361989
61371989
61381989
61391989
61401989
61411989
61421989
61431989
61441989
61451989
61461989
61471989
61481989
61491989
61501989
61511989
61521989
61531989
61541989
61551989
61561989
61571989
61581989
61591989
61601989
61611989
61621989
61631989
61641989
61651989
61661989
61671989
61681989
61691989
61701989
61711989
61721989
61731989
61741989
61751989
61761989
61771989
61781989
61791989
61801989
61811989
61821989
61831989
61841989
61851989
61861989
61871989
61881989
61891989
61901989
61911989
61921989
61931989
61941989
61951989
61961989
61971989
61981989
61991989
62001989
62011989
62021989
62031989
62041989
62051989
62061989
62071989
62081989
62091989
62101989
62111989
62121989
62131989
62141989
62151989
62161989
62171989
62181989
62191989
62201989
62211989
62221989
62231989
62241989
62251989
62261989
62271989
62281989
62291989
62301989
62311989
62321989
62331989
62341989
62351989
62361989
62371989
62381989
62391989
62401989
62411989
62421989
62431989
62441989
62451989
62461989
62471989
62481989
62491989
62501989
62511989
62521989
62531989
62541989
62551989
62561989
62571989
62581989
62591989
62601989
62611989
62621989
62631989
62641989
62651989
62661989
62671989
62681989
62691989
62701989
62711989
62721989
62731989
62741989
62751989
62761989
62771989
62781989
62791989
62801989
62811989
62821989
62831989
62841989
62851989
62861989
62871989
62881989
62891989
62901989
62911989
62921989
62931989
62941989
62951989
62961989
62971989
62981989
62991989
63001989
63011989
63021989
63031989
63041989
63051989
63061989
63071989
63081989
63091989
63101989
63111989
63121989
63131989
63141989
63151989
63161989
63171989
63181989
63191989
63201989
63211989
63221989
63231989
63241989
63251989
63261989
63271989
63281989
63291989
63301989
63311989
63321989
63331989
63341989
63351989
63361989
63371989
63381989
63391989
63401989
63411989
63421989
63431989
63441989
63451989
63461989
63471989
63481989
63491989
63501989
63511989
63521989
63531989
63541989
63551989
63561989
63571989
63581989
63591989
63601989
63611989
63621989
63631989
63641989
63651989
63661989
63671989
63681989
63691989
63701989
63711989
63721989
63731989
63741989
63751989
63761989
63771989
63781989
63791989
63801989
63811989
63821989
63831989
63841989
63851989
63861989
63871989
63881989
63891989
63901989
63911989
63921989
63931989
63941989
63951989
63961989
63971989
63981989
63991989
64001989
64011989
64021989
64031989
64041989
64051989
64061989
64071989
64081989
64091989
64101989
64111989
64121989
64131989
64141989
64151989
64161989
64171989
64181989
64191989
64201989
64211989
64221989
64231989
64241989
64251989
64261989
64271989
64281989
64291989
64301989
64311989
64321989
64331989
64341989
64351989
64361989
64371989
64381989
64391989
64401989
64411989
64421989
64431989
64441989
64451989
64461989
64471989
64481989
64491989
64501989
64511989
64521989
64531989
64541989
64551989
64561989
64571989
64581989
64591989
64601989
64611989
64621989
64631989
64641989
64651989
64661989
64671989
64681989
64691989
64701989
64711989
64721989
64731989
64741989
64751989
64761989
64771989
64781989
64791989
64801989
64811989
64821989
64831989
64841989
64851989
64861989
64871989
64881989
64891989
64901989
64911989
64921989
64931989
64941989
64951989
64961989
64971989
64981989
64991989
65001989
65011989
65021989
65031989
65041989
65051989
65061989
65071989
65081989
65091989
65101989
65111989
65121989
65131989
65141989
65151989
65161989
65171989
65181989
65191989
65201989
65211989
65221989
65231989
65241989
65251989
65261989
65271989
65281989
65291989
65301989
65311989
65321989
65331989
65341989
65351989
65361989
65371989
65381989
65391989
65401989
65411989
65421989
65431989
65441989
65451989
65461989
65471989
65481989
65491989
65501989
65511989
65521989
65531989
65541989
65551989
65561989
65571989
65581989
65591989
65601989
65611989
65621989
65631989
65641989
65651989
65661989
65671989
65681989
65691989
65701989
65711989
65721989
65731989
65741989
65751989
65761989
65771989
65781989
65791989
65801989
65811989
65821989
65831989
65841989
65851989
65861989
65871989
65881989
65891989
65901989
65911989
65921989
65931989
65941989
65951989
65961989
65971989
65981989
65991989
66001989
66011989
66021989
66031989
66041989
66051989
66061989
66071989
66081989
66091989
66101989
66111989
66121989
66131989
66141989
66151989
66161989
66171989
66181989
66191989
66201989
66211989
66221989
66231989
66241989
66251989
66261989
66271989
66281989
66291989
66301989
66311989
66321989
66331989
66341989
66351989
66361989
66371989
66381989
66391989
66401989
66411989
66421989
66431989
66441989
66451989
66461989
66471989
66481989
66491989
66501989
66511989
66521989
66531989
66541989
66551989
66561989
66571989
66581989
66591989
66601989
66611989
66621989
66631989
66641989
66651989
66661989
66671989
66681989
66691989
66701989
66711989
66721989
66731989
66741989
66751989
66761989
66771989
66781989
66791989
66801989
66811989
66821989
66831989
66841989
66851989
66861989
66871989
66881989
66891989
66901989
66911989
66921989
66931989
66941989
66951989
66961989
66971989
66981989
66991989
67001989
67011989
67021989
67031989
67041989
67051989
67061989
67071989
67081989
67091989
67101989
67111989
67121989
67131989
67141989
67151989
67161989
67171989
67181989
67191989
67201989
67211989
67221989
67231989
67241989
67251989
67261989
67271989
67281989
67291989
67301989
67311989
67321989
67331989
67341989
67351989
67361989
67371989
67381989
67391989
67401989
67411989
67421989
67431989
67441989
67451989
67461989
67471989
67481989
67491989
67501989
67511989
67521989
67531989
67541989
67551989
67561989
67571989
67581989
67591989
67601989
67611989
67621989
67631989
67641989
67651989
67661989
67671989
67681989
67691989
67701989
67711989
67721989
67731989
67741989
67751989
67761989
67771989
67781989
67791989
67801989
67811989
67821989
67831989
67841989
67851989
67861989
67871989
67881989
67891989
67901989
67911989
67921989
67931989
67941989
67951989
67961989
67971989
67981989
67991989
68001989
68011989
68021989
68031989
68041989
68051989
68061989
68071989
68081989
68091989
68101989
68111989
68121989
68131989
68141989
68151989
68161989
68171989
68181989
68191989
68201989
68211989
68221989
68231989
68241989
68251989
68261989
68271989
68281989
68291989
68301989
68311989
68321989
68331989
68341989
68351989
68361989
68371989
68381989
68391989
68401989
68411989
68421989
68431989
68441989
68451989
68461989
68471989
68481989
68491989
68501989
68511989
68521989
68531989
68541989
68551989
68561989
68571989
68581989
68591989
68601989
68611989
68621989
68631989
68641989
68651989
68661989
68671989
68681989
68691989
68701989
68711989
68721989
68731989
68741989
68751989
68761989
68771989
68781989
68791989
68801989
68811989
68821989
68831989
68841989
68851989
68861989
68871989
68881989
68891989
68901989
68911989
68921989
68931989
68941989
68951989
68961989
68971989
68981989
68991989
69001989
69011989
69021989
69031989
69041989
69051989
69061989
69071989
69081989
69091989
69101989
69111989
69121989
69131989
69141989
69151989
69161989
69171989
69181989
69191989
69201989
69211989
69221989
69231989
69241989
69251989
69261989
69271989
69281989
69291989
69301989
69311989
69321989
69331989
69341989
69351989
69361989
69371989
69381989
69391989
69401989
69411989
69421989
69431989
69441989
69451989
69461989
69471989
69481989
69491989
69501989
69511989
69521989
69531989
69541989
69551989
69561989
69571989
69581989
69591989
69601989
69611989
69621989
69631989
69641989
69651989
69661989
69671989
69681989
69691989
69701989
69711989
69721989
69731989
69741989
69751989
69761989
69771989
69781989
69791989
69801989
69811989
69821989
69831989
69841989
69851989
69861989
69871989
69881989
69891989
69901989
69911989
69921989
69931989
69941989
69951989
69961989
69971989
69981989
69991989
70001989
70011989
70021989
70031989
70041989
70051989
70061989
70071989
70081989
70091989
70101989
70111989
70121989
70131989
70141989
70151989
70161989
70171989
70181989
70191989
70201989
70211989
70221989
70231989
70241989
70251989
70261989
70271989
70281989
70291989
70301989
70311989
70321989
70331989
70341989
70351989
70361989
70371989
70381989
70391989
70401989
70411989
70421989
70431989
70441989
70451989
70461989
70471989
70481989
70491989
70501989
70511989
70521989
70531989
70541989
70551989
70561989
70571989
70581989
70591989
70601989
70611989
70621989
70631989
70641989
70651989
70661989
70671989
70681989
70691989
70701989
70711989
70721989
70731989
70741989
70751989
70761989
70771989
70781989
70791989
70801989
70811989
70821989
70831989
70841989
70851989
70861989
70871989
70881989
70891989
70901989
70911989
70921989
70931989
70941989
70951989
70961989
70971989
70981989
70991989
71001989
71011989
71021989
71031989
71041989
71051989
71061989
71071989
71081989
71091989
71101989
71111989
71121989
71131989
71141989
71151989
71161989
71171989
71181989
71191989
71201989
71211989
71221989
71231989
71241989
71251989
71261989
71271989
71281989
71291989
71301989
71311989
71321989
71331989
71341989
71351989
71361989
71371989
71381989
71391989
71401989
71411989
71421989
71431989
71441989
71451989
71461989
71471989
71481989
71491989
71501989
71511989
71521989
71531989
71541989
71551989
71561989
71571989
71581989
71591989
71601989
71611989
71621989
71631989
71641989
71651989
71661989
71671989
71681989
71691989
71701989
71711989
71721989
71731989
71741989
71751989
71761989
71771989
71781989
71791989
71801989
71811989
71821989
71831989
71841989
71851989
71861989
71871989
71881989
71891989
71901989
71911989
71921989
71931989
71941989
71951989
71961989
71971989
71981989
71991989
72001989
72011989
72021989
72031989
72041989
72051989
72061989
72071989
72081989
72091989
72101989
72111989
72121989
72131989
72141989
72151989
72161989
72171989
72181989
72191989
72201989
72211989
72221989
72231989
72241989
72251989
72261989
72271989
72281989
72291989
72301989
72311989
72321989
72331989
72341989
72351989
72361989
72371989
72381989
72391989
72401989
72411989
72421989
72431989
72441989
72451989
72461989
72471989
72481989
72491989
72501989
72511989
72521989
72531989
72541989
72551989
72561989
72571989
72581989
72591989
72601989
72611989
72621989
72631989
72641989
72651989
72661989
72671989
72681989
72691989
72701989
72711989
72721989
72731989
72741989
72751989
72761989
72771989
72781989
72791989
72801989
72811989
72821989
72831989
72841989
72851989
72861989
72871989
72881989
72891989
72901989
72911989
72921989
72931989
72941989
72951989
72961989
72971989
72981989
72991989
73001989
73011989
73021989
73031989
73041989
73051989
73061989
73071989
73081989
73091989
73101989
73111989
73121989
73131989
73141989
73151989
73161989
73171989
73181989
73191989
73201989
73211989
73221989
73231989
73241989
73251989
73261989
73271989
73281989
73291989
73301989
73311989
73321989
73331989
73341989
73351989
73361989
73371989
73381989
73391989
73401989
73411989
73421989
73431989
73441989
73451989
73461989
73471989
73481989
73491989
73501989
73511989
73521989
73531989
73541989
73551989
73561989
73571989
73581989
73591989
73601989
73611989
73621989
73631989
73641989
73651989
73661989
73671989
73681989
73691989
73701989
73711989
73721989
73731989
73741989
73751989
73761989
73771989
73781989
73791989
73801989
73811989
73821989
73831989
73841989
73851989
73861989
73871989
73881989
73891989
73901989
73911989
73921989
73931989
73941989
73951989
73961989
73971989
73981989
73991989
74001989
74011989
74021989
74031989
74041989
74051989
74061989
74071989
74081989
74091989
74101989
74111989
74121989
74131989
74141989
74151989
74161989
74171989
74181989
74191989
74201989
74211989
74221989
74231989
74241989
74251989
74261989
74271989
74281989
74291989
74301989
74311989
74321989
74331989
74341989
74351989
74361989
74371989
74381989
74391989
74401989
74411989
74421989
74431989
74441989
74451989
74461989
74471989
74481989
74491989
74501989
74511989
74521989
74531989
74541989
74551989
74561989
74571989
74581989
74591989
74601989
74611989
74621989
74631989
74641989
74651989
74661989
74671989
74681989
74691989
74701989
74711989
74721989
74731989
74741989
74751989
74761989
74771989
74781989
74791989
74801989
74811989
74821989
74831989
74841989
74851989
74861989
74871989
74881989
74891989
74901989
74911989
74921989
74931989
74941989
74951989
74961989
74971989
74981989
74991989
75001989
75011989
75021989
75031989
75041989
75051989
75061989
75071989
75081989
75091989
75101989
75111989
75121989
75131989
75141989
75151989
75161989
75171989
75181989
75191989
75201989
75211989
75221989
75231989
75241989
75251989
75261989
75271989
75281989
75291989
75301989
75311989
75321989
75331989
75341989
75351989
75361989
75371989
75381989
75391989
75401989
75411989
75421989
75431989
75441989
75451989
75461989
75471989
75481989
75491989
75501989
75511989
75521989
75531989
75541989
75551989
75561989
75571989
75581989
75591989
75601989
75611989
75621989
75631989
75641989
75651989
75661989
75671989
75681989
75691989
75701989
75711989
75721989
75731989
75741989
75751989
75761989
75771989
75781989
75791989
75801989
75811989
75821989
75831989
75841989
75851989
75861989
75871989
75881989
75891989
75901989
75911989
75921989
75931989
75941989
75951989
75961989
75971989
75981989
75991989
76001989
76011989
76021989
76031989
76041989
76051989
76061989
76071989
76081989
76091989
76101989
76111989
76121989
76131989
76141989
76151989
76161989
76171989
76181989
76191989
76201989
76211989
76221989
76231989
76241989
76251989
76261989
76271989
76281989
76291989
76301989
76311989
76321989
76331989
76341989
76351989
76361989
76371989
76381989
76391989
76401989
76411989
76421989
76431989
76441989
76451989
76461989
76471989
76481989
76491989
76501989
76511989
76521989
76531989
76541989
76551989
76561989
76571989
76581989
76591989
76601989
76611989
76621989
76631989
76641989
76651989
76661989
76671989
76681989
76691989
76701989
76711989
76721989
76731989
76741989
76751989
76761989
76771989
76781989
76791989
76801989
76811989
76821989
76831989
76841989
76851989
76861989
76871989
76881989
76891989
76901989
76911989
76921989
76931989
76941989
76951989
76961989
76971989
76981989
76991989
77001989
77011989
77021989
77031989
77041989
77051989
77061989
77071989
77081989
77091989
77101989
77111989
77121989
77131989
77141989
77151989
77161989
77171989
77181989
77191989
77201989
77211989
77221989
77231989
77241989
77251989
77261989
77271989
77281989
77291989
77301989
77311989
77321989
77331989
77341989
77351989
77361989
77371989
77381989
77391989
77401989
77411989
77421989
77431989
77441989
77451989
77461989
77471989
77481989
77491989
77501989
77511989
77521989
77531989
77541989
77551989
77561989
77571989
77581989
77591989
77601989
77611989
77621989
77631989
77641989
77651989
77661989
77671989
77681989
77691989
77701989
77711989
77721989
77731989
77741989
77751989
77761989
77771989
77781989
77791989
77801989
77811989
77821989
77831989
77841989
77851989
77861989
77871989
77881989
77891989
77901989
77911989
77921989
77931989
77941989
77951989
77961989
77971989
77981989
77991989
78001989
78011989
78021989
78031989
78041989
78051989
78061989
78071989
78081989
78091989
78101989
78111989
78121989
78131989
78141989
78151989
78161989
78171989
78181989
78191989
78201989
78211989
78221989
78231989
78241989
78251989
78261989
78271989
78281989
78291989
78301989
78311989
78321989
78331989
78341989
78351989
78361989
78371989
78381989
78391989
78401989
78411989
78421989
78431989
78441989
78451989
78461989
78471989
78481989
78491989
78501989
78511989
78521989
78531989
78541989
78551989
78561989
78571989
78581989
78591989
78601989
78611989
78621989
78631989
78641989
78651989
78661989
78671989
78681989
78691989
78701989
78711989
78721989
78731989
78741989
78751989
78761989
78771989
78781989
78791989
78801989
78811989
78821989
78831989
78841989
78851989
78861989
78871989
78881989
78891989
78901989
78911989
78921989
78931989
78941989
78951989
78961989
78971989
78981989
78991989
79001989
79011989
79021989
79031989
79041989
79051989
79061989
79071989
79081989
79091989
79101989
79111989
79121989
79131989
79141989
79151989
79161989
79171989
79181989
79191989
79201989
79211989
79221989
79231989
79241989
79251989
79261989
79271989
79281989
79291989
79301989
79311989
79321989
79331989
79341989
79351989
79361989
79371989
79381989
79391989
79401989
79411989
79421989
79431989
79441989
79451989
79461989
79471989
79481989
79491989
79501989
79511989
79521989
79531989
79541989
79551989
79561989
79571989
79581989
79591989
79601989
79611989
79621989
79631989
79641989
79651989
79661989
79671989
79681989
79691989
79701989
79711989
79721989
79731989
79741989
79751989
79761989
79771989
79781989
79791989
79801989
79811989
79821989
79831989
79841989
79851989
79861989
79871989
79881989
79891989
79901989
79911989
79921989
79931989
79941989
79951989
79961989
79971989
79981989
79991989
80001989
80011989
80021989
80031989
80041989
80051989
80061989
80071989
80081989
80091989
80101989
80111989
80121989
80131989
80141989
80151989
80161989
80171989
80181989
80191989
80201989
80211989
80221989
80231989
80241989
80251989
80261989
80271989
80281989
80291989
80301989
80311989
80321989
80331989
80341989
80351989
80361989
80371989
80381989
80391989
80401989
80411989
80421989
80431989
80441989
80451989
80461989
80471989
80481989
80491989
80501989
80511989
80521989
80531989
80541989
80551989
80561989
80571989
80581989
80591989
80601989
80611989
80621989
80631989
80641989
80651989
80661989
80671989
80681989
80691989
80701989
80711989
80721989
80731989
80741989
80751989
80761989
80771989
80781989
80791989
80801989
80811989
80821989
80831989
80841989
80851989
80861989
80871989
80881989
80891989
80901989
80911989
80921989
80931989
80941989
80951989
80961989
80971989
80981989
80991989
81001989
81011989
81021989
81031989
81041989
81051989
81061989
81071989
81081989
81091989
81101989
81111989
81121989
81131989
81141989
81151989
81161989
81171989
81181989
81191989
81201989
81211989
81221989
81231989
81241989
81251989
81261989
81271989
81281989
81291989
81301989
81311989
81321989
81331989
81341989
81351989
81361989
81371989
81381989
81391989
81401989
81411989
81421989
81431989
81441989
81451989
81461989
81471989
81481989
81491989
81501989
81511989
81521989
81531989
81541989
81551989
81561989
81571989
81581989
81591989
81601989
81611989
81621989
81631989
81641989
81651989
81661989
81671989
81681989
81691989
81701989
81711989
81721989
81731989
81741989
81751989
81761989
81771989
81781989
81791989
81801989
81811989
81821989
81831989
81841989
81851989
81861989
81871989
81881989
81891989
81901989
81911989
81921989
81931989
81941989
81951989
81961989
81971989
81981989
81991989
82001989
82011989
82021989
82031989
82041989
82051989
82061989
82071989
82081989
82091989
82101989
82111989
82121989
82131989
82141989
82151989
82161989
82171989
82181989
82191989
82201989
82211989
82221989
82231989
82241989
82251989
82261989
82271989
82281989
82291989
82301989
82311989
82321989
82331989
82341989
82351989
82361989
82371989
82381989
82391989
82401989
82411989
82421989
82431989
82441989
82451989
82461989
82471989
82481989
82491989
82501989
82511989
82521989
82531989
82541989
82551989
82561989
82571989
82581989
82591989
82601989
82611989
82621989
82631989
82641989
82651989
82661989
82671989
82681989
82691989
82701989
82711989
82721989
82731989
82741989
82751989
82761989
82771989
82781989
82791989
82801989
82811989
82821989
82831989
82841989
82851989
82861989
82871989
82881989
82891989
82901989
82911989
82921989
82931989
82941989
82951989
82961989
82971989
82981989
82991989
83001989
83011989
83021989
83031989
83041989
83051989
83061989
83071989
83081989
83091989
83101989
83111989
83121989
83131989
83141989
83151989
83161989
83171989
83181989
83191989
83201989
83211989
83221989
83231989
83241989
83251989
83261989
83271989
83281989
83291989
83301989
83311989
83321989
83331989
83341989
83351989
83361989
83371989
83381989
83391989
83401989
83411989
83421989
83431989
83441989
83451989
83461989
83471989
83481989
83491989
83501989
83511989
83521989
83531989
83541989
83551989
83561989
83571989
83581989
83591989
83601989
83611989
83621989
83631989
83641989
83651989
83661989
83671989
83681989
83691989
83701989
83711989
83721989
83731989
83741989
83751989
83761989
83771989
83781989
83791989
83801989
83811989
83821989
83831989
83841989
83851989
83861989
83871989
83881989
83891989
83901989
83911989
83921989
83931989
83941989
83951989
83961989
83971989
83981989
83991989
84001989
84011989
84021989
84031989
84041989
84051989
84061989
84071989
84081989
84091989
84101989
84111989
84121989
84131989
84141989
84151989
84161989
84171989
84181989
84191989
84201989
84211989
84221989
84231989
84241989
84251989
84261989
84271989
84281989
84291989
84301989
84311989
84321989
84331989
84341989
84351989
84361989
84371989
84381989
84391989
84401989
84411989
84421989
84431989
84441989
84451989
84461989
84471989
84481989
84491989
84501989
84511989
84521989
84531989
84541989
84551989
84561989
84571989
84581989
84591989
84601989
84611989
84621989
84631989
84641989
84651989
84661989
84671989
84681989
84691989
84701989
84711989
84721989
84731989
84741989
84751989
84761989
84771989
84781989
84791989
84801989
84811989
84821989
84831989
84841989
84851989
84861989
84871989
84881989
84891989
84901989
84911989
84921989
84931989
84941989
84951989
84961989
84971989
84981989
84991989
85001989
85011989
85021989
85031989
85041989
85051989
85061989
85071989
85081989
85091989
85101989
85111989
85121989
85131989
85141989
85151989
85161989
85171989
85181989
85191989
85201989
85211989
85221989
85231989
85241989
85251989
85261989
85271989
85281989
85291989
85301989
85311989
85321989
85331989
85341989
85351989
85361989
85371989
85381989
85391989
85401989
85411989
85421989
85431989
85441989
85451989
85461989
85471989
85481989
85491989
85501989
85511989
85521989
85531989
85541989
85551989
85561989
85571989
85581989
85591989
85601989
85611989
85621989
85631989
85641989
85651989
85661989
85671989
85681989
85691989
85701989
85711989
85721989
85731989
85741989
85751989
85761989
85771989
85781989
85791989
85801989
85811989
85821989
85831989
85841989
85851989
85861989
85871989
85881989
85891989
85901989
85911989
85921989
85931989
85941989
85951989
85961989
85971989
85981989
85991989
86001989
86011989
86021989
86031989
86041989
86051989
86061989
86071989
86081989
86091989
86101989
86111989
86121989
86131989
86141989
86151989
86161989
86171989
86181989
86191989
86201989
86211989
86221989
86231989
86241989
86251989
86261989
86271989
86281989
86291989
86301989
86311989
86321989
86331989
86341989
86351989
86361989
86371989
86381989
86391989
86401989
86411989
86421989
86431989
86441989
86451989
86461989
86471989
86481989
86491989
86501989
86511989
86521989
86531989
86541989
86551989
86561989
86571989
86581989
86591989
86601989
86611989
86621989
86631989
86641989
86651989
86661989
86671989
86681989
86691989
86701989
86711989
86721989
86731989
86741989
86751989
86761989
86771989
86781989
86791989
86801989
86811989
86821989
86831989
86841989
86851989
86861989
86871989
86881989
86891989
86901989
86911989
86921989
86931989
86941989
86951989
86961989
86971989
86981989
86991989
87001989
87011989
87021989
87031989
87041989
87051989
87061989
87071989
87081989
87091989
87101989
87111989
87121989
87131989
87141989
87151989
87161989
87171989
87181989
87191989
87201989
87211989
87221989
87231989
87241989
87251989
87261989
87271989
87281989
87291989
87301989
87311989
87321989
87331989
87341989
87351989
87361989
87371989
87381989
87391989
87401989
87411989
87421989
87431989
87441989
87451989
87461989
87471989
87481989
87491989
87501989
87511989
87521989
87531989
87541989
87551989
87561989
87571989
87581989
87591989
87601989
87611989
87621989
87631989
87641989
87651989
87661989
87671989
87681989
87691989
87701989
87711989
87721989
87731989
87741989
87751989
87761989
87771989
87781989
87791989
87801989
87811989
87821989
87831989
87841989
87851989
87861989
87871989
87881989
87891989
87901989
87911989
87921989
87931989
87941989
87951989
87961989
87971989
87981989
87991989
88001989
88011989
88021989
88031989
88041989
88051989
88061989
88071989
88081989
88091989
88101989
88111989
88121989
88131989
88141989
88151989
88161989
88171989
88181989
88191989
88201989
88211989
88221989
88231989
88241989
88251989
88261989
88271989
88281989
88291989
88301989
88311989
88321989
88331989
88341989
88351989
88361989
88371989
88381989
88391989
88401989
88411989
88421989
88431989
88441989
88451989
88461989
88471989
88481989
88491989
88501989
88511989
88521989
88531989
88541989
88551989
88561989
88571989
88581989
88591989
88601989
88611989
88621989
88631989
88641989
88651989
88661989
88671989
88681989
88691989
88701989
88711989
88721989
88731989
88741989
88751989
88761989
88771989
88781989
88791989
88801989
88811989
88821989
88831989
88841989
88851989
88861989
88871989
88881989
88891989
88901989
88911989
88921989
88931989
88941989
88951989
88961989
88971989
88981989
88991989
89001989
89011989
89021989
89031989
89041989
89051989
89061989
89071989
89081989
89091989
89101989
89111989
89121989
89131989
89141989
89151989
89161989
89171989
89181989
89191989
89201989
89211989
89221989
89231989
89241989
89251989
89261989
89271989
89281989
89291989
89301989
89311989
89321989
89331989
89341989
89351989
89361989
89371989
89381989
89391989
89401989
89411989
89421989
89431989
89441989
89451989
89461989
89471989
89481989
89491989
89501989
89511989
89521989
89531989
89541989
89551989
89561989
89571989
89581989
89591989
89601989
89611989
89621989
89631989
89641989
89651989
89661989
89671989
89681989
89691989
89701989
89711989
89721989
89731989
89741989
89751989
89761989
89771989
89781989
89791989
89801989
89811989
89821989
89831989
89841989
89851989
89861989
89871989
89881989
89891989
89901989
89911989
89921989
89931989
89941989
89951989
89961989
89971989
89981989
89991989
90001989
90011989
90021989
90031989
90041989
90051989
90061989
90071989
90081989
90091989
90101989
90111989
90121989
90131989
90141989
90151989
90161989
90171989
90181989
90191989
90201989
90211989
90221989
90231989
90241989
90251989
90261989
90271989
90281989
90291989
90301989
90311989
90321989
90331989
90341989
90351989
90361989
90371989
90381989
90391989
90401989
90411989
90421989
90431989
90441989
90451989
90461989
90471989
90481989
90491989
90501989
90511989
90521989
90531989
90541989
90551989
90561989
90571989
90581989
90591989
90601989
90611989
90621989
90631989
90641989
90651989
90661989
90671989
90681989
90691989
90701989
90711989
90721989
90731989
90741989
90751989
90761989
90771989
90781989
90791989
90801989
90811989
90821989
90831989
90841989
90851989
90861989
90871989
90881989
90891989
90901989
90911989
90921989
90931989
90941989
90951989
90961989
90971989
90981989
90991989
91001989
91011989
91021989
91031989
91041989
91051989
91061989
91071989
91081989
91091989
91101989
91111989
91121989
91131989
91141989
91151989
91161989
91171989
91181989
91191989
91201989
91211989
91221989
91231989
91241989
91251989
91261989
91271989
91281989
91291989
91301989
91311989
91321989
91331989
91341989
91351989
91361989
91371989
91381989
91391989
91401989
91411989
91421989
91431989
91441989
91451989
91461989
91471989
91481989
91491989
91501989
91511989
91521989
91531989
91541989
91551989
91561989
91571989
91581989
91591989
91601989
91611989
91621989
91631989
91641989
91651989
91661989
91671989
91681989
91691989
91701989
91711989
91721989
91731989
91741989
91751989
91761989
91771989
91781989
91791989
91801989
91811989
91821989
91831989
91841989
91851989
91861989
91871989
91881989
91891989
91901989
91911989
91921989
91931989
91941989
91951989
91961989
91971989
91981989
91991989
92001989
92011989
92021989
92031989
92041989
92051989
92061989
92071989
92081989
92091989
92101989
92111989
92121989
92131989
92141989
92151989
92161989
92171989
92181989
92191989
92201989
92211989
92221989
92231989
92241989
92251989
92261989
92271989
92281989
92291989
92301989
92311989
92321989
92331989
92341989
92351989
92361989
92371989
92381989
92391989
92401989
92411989
92421989
92431989
92441989
92451989
92461989
92471989
92481989
92491989
92501989
92511989
92521989
92531989
92541989
92551989
92561989
92571989
92581989
92591989
92601989
92611989
92621989
92631989
92641989
92651989
92661989
92671989
92681989
92691989
92701989
92711989
92721989
92731989
92741989
92751989
92761989
92771989
92781989
92791989
92801989
92811989
92821989
92831989
92841989
92851989
92861989
92871989
92881989
92891989
92901989
92911989
92921989
92931989
92941989
92951989
92961989
92971989
92981989
92991989
93001989
93011989
93021989
93031989
93041989
93051989
93061989
93071989
93081989
93091989
93101989
93111989
93121989
93131989
93141989
93151989
93161989
93171989
93181989
93191989
93201989
93211989
93221989
93231989
93241989
93251989
93261989
93271989
93281989
93291989
93301989
93311989
93321989
93331989
93341989
93351989
93361989
93371989
93381989
93391989
93401989
93411989
93421989
93431989
93441989
93451989
93461989
93471989
93481989
93491989
93501989
93511989
93521989
93531989
93541989
93551989
93561989
93571989
93581989
93591989
93601989
93611989
93621989
93631989
93641989
93651989
93661989
93671989
93681989
93691989
93701989
93711989
93721989
93731989
93741989
93751989
93761989
93771989
93781989
93791989
93801989
93811989
93821989
93831989
93841989
93851989
93861989
93871989
93881989
93891989
93901989
93911989
93921989
93931989
93941989
93951989
93961989
93971989
93981989
93991989
94001989
94011989
94021989
94031989
94041989
94051989
94061989
94071989
94081989
94091989
94101989
94111989
94121989
94131989
94141989
94151989
94161989
94171989
94181989
94191989
94201989
94211989
94221989
94231989
94241989
94251989
94261989
94271989
94281989
94291989
94301989
94311989
94321989
94331989
94341989
94351989
94361989
94371989
94381989
94391989
94401989
94411989
94421989
94431989
94441989
94451989
94461989
94471989
94481989
94491989
94501989
94511989
94521989
94531989
94541989
94551989
94561989
94571989
94581989
94591989
94601989
94611989
94621989
94631989
94641989
94651989
94661989
94671989
94681989
94691989
94701989
94711989
94721989
94731989
94741989
94751989
94761989
94771989
94781989
94791989
94801989
94811989
94821989
94831989
94841989
94851989
94861989
94871989
94881989
94891989
94901989
94911989
94921989
94931989
94941989
94951989
94961989
94971989
94981989
94991989
95001989
95011989
95021989
95031989
95041989
95051989
95061989
95071989
95081989
95091989
95101989
95111989
95121989
95131989
95141989
95151989
95161989
95171989
95181989
95191989
95201989
95211989
95221989
95231989
95241989
95251989
95261989
95271989
95281989
95291989
95301989
95311989
95321989
95331989
95341989
95351989
95361989
95371989
95381989
95391989
95401989
95411989
95421989
95431989
95441989
95451989
95461989
95471989
95481989
95491989
95501989
95511989
95521989
95531989
95541989
95551989
95561989
95571989
95581989
95591989
95601989
95611989
95621989
95631989
95641989
95651989
95661989
95671989
95681989
95691989
95701989
95711989
95721989
95731989
95741989
95751989
95761989
95771989
95781989
95791989
95801989
95811989
95821989
95831989
95841989
95851989
95861989
95871989
95881989
95891989
95901989
95911989
95921989
95931989
95941989
95951989
95961989
95971989
95981989
95991989
96001989
96011989
96021989
96031989
96041989
96051989
96061989
96071989
96081989
96091989
96101989
96111989
96121989
96131989
96141989
96151989
96161989
96171989
96181989
96191989
96201989
96211989
96221989
96231989
96241989
96251989
96261989
96271989
96281989
96291989
96301989
96311989
96321989
96331989
96341989
96351989
96361989
96371989
96381989
96391989
96401989
96411989
96421989
96431989
96441989
96451989
96461989
96471989
96481989
96491989
96501989
96511989
96521989
96531989
96541989
96551989
96561989
96571989
96581989
96591989
96601989
96611989
96621989
96631989
96641989
96651989
96661989
96671989
96681989
96691989
96701989
96711989
96721989
96731989
96741989
96751989
96761989
96771989
96781989
96791989
96801989
96811989
96821989
96831989
96841989
96851989
96861989
96871989
96881989
96891989
96901989
96911989
96921989
96931989
96941989
96951989
96961989
96971989
96981989
96991989
97001989
97011989
97021989
97031989
97041989
97051989
97061989
97071989
97081989
97091989
97101989
97111989
97121989
97131989
97141989
97151989
97161989
97171989
97181989
97191989
97201989
97211989
97221989
97231989
97241989
97251989
97261989
97271989
97281989
97291989
97301989
97311989
97321989
97331989
97341989
97351989
97361989
97371989
97381989
97391989
97401989
97411989
97421989
97431989
97441989
97451989
97461989
97471989
97481989
97491989
97501989
97511989
97521989
97531989
97541989
97551989
97561989
97571989
97581989
97591989
97601989
97611989
97621989
97631989
97641989
97651989
97661989
97671989
97681989
97691989
97701989
97711989
97721989
97731989
97741989
97751989
97761989
97771989
97781989
97791989
97801989
97811989
97821989
97831989
97841989
97851989
97861989
97871989
97881989
97891989
97901989
97911989
97921989
97931989
97941989
97951989
97961989
97971989
97981989
97991989
98001989
98011989
98021989
98031989
98041989
98051989
98061989
98071989
98081989
98091989
98101989
98111989
98121989
98131989
98141989
98151989
98161989
98171989
98181989
98191989
98201989
98211989
98221989
98231989
98241989
98251989
98261989
98271989
98281989
98291989
98301989
98311989
98321989
98331989
98341989
98351989
98361989
98371989
98381989
98391989
98401989
98411989
98421989
98431989
98441989
98451989
98461989
98471989
98481989
98491989
98501989
98511989
98521989
98531989
98541989
98551989
98561989
98571989
98581989
98591989
98601989
98611989
98621989
98631989
98641989
98651989
98661989
98671989
98681989
98691989
98701989
98711989
98721989
98731989
98741989
98751989
98761989
98771989
98781989
98791989
98801989
98811989
98821989
98831989
98841989
98851989
98861989
98871989
98881989
98891989
98901989
98911989
98921989
98931989
98941989
98951989
98961989
98971989
98981989
98991989
99001989
99011989
99021989
99031989
99041989
99051989
99061989
99071989
99081989
99091989
99101989
99111989
99121989
99131989
99141989
99151989
99161989
99171989
99181989
99191989
99201989
99211989
99221989
99231989
99241989
99251989
99261989
99271989
99281989
99291989
99301989
99311989
99321989
99331989
99341989
99351989
99361989
99371989
99381989
99391989
99401989
99411989
99421989
99431989
99441989
99451989
99461989
99471989
99481989
99491989
99501989
99511989
99521989
99531989
99541989
99551989
99561989
99571989
99581989
99591989
99601989
99611989
99621989
99631989
99641989
99651989
99661989
99671989
99681989
99691989
99701989
99711989
99721989
99731989
99741989
99751989
99761989
99771989
99781989
99791989
99801989
99811989
99821989
99831989
99841989
99851989
99861989
99871989
99881989
99891989
99901989
99911989
99921989
99931989
99941989
99951989
99961989
99971989
99981989
99991989
