00001985
00011985
00021985
00031985
00041985
00051985
00061985
00071985
00081985
00091985
00101985
00111985
00121985
00131985
00141985
00151985
00161985
00171985
00181985
00191985
00201985
00211985
00221985
00231985
00241985
00251985
00261985
00271985
00281985
00291985
00301985
00311985
00321985
00331985
00341985
00351985
00361985
00371985
00381985
00391985
00401985
00411985
00421985
00431985
00441985
00451985
00461985
00471985
00481985
00491985
00501985
00511985
00521985
00531985
00541985
00551985
00561985
00571985
00581985
00591985
00601985
00611985
00621985
00631985
00641985
00651985
00661985
00671985
00681985
00691985
00701985
00711985
00721985
00731985
00741985
00751985
00761985
00771985
00781985
00791985
00801985
00811985
00821985
00831985
00841985
00851985
00861985
00871985
00881985
00891985
00901985
00911985
00921985
00931985
00941985
00951985
00961985
00971985
00981985
00991985
01001985
01011985
01021985
01031985
01041985
01051985
01061985
01071985
01081985
01091985
01101985
01111985
01121985
01131985
01141985
01151985
01161985
01171985
01181985
01191985
01201985
01211985
01221985
01231985
01241985
01251985
01261985
01271985
01281985
01291985
01301985
01311985
01321985
01331985
01341985
01351985
01361985
01371985
01381985
01391985
01401985
01411985
01421985
01431985
01441985
01451985
01461985
01471985
01481985
01491985
01501985
01511985
01521985
01531985
01541985
01551985
01561985
01571985
01581985
01591985
01601985
01611985
01621985
01631985
01641985
01651985
01661985
01671985
01681985
01691985
01701985
01711985
01721985
01731985
01741985
01751985
01761985
01771985
01781985
01791985
01801985
01811985
01821985
01831985
01841985
01851985
01861985
01871985
01881985
01891985
01901985
01911985
01921985
01931985
01941985
01951985
01961985
01971985
01981985
01991985
02001985
02011985
02021985
02031985
02041985
02051985
02061985
02071985
02081985
02091985
02101985
02111985
02121985
02131985
02141985
02151985
02161985
02171985
02181985
02191985
02201985
02211985
02221985
02231985
02241985
02251985
02261985
02271985
02281985
02291985
02301985
02311985
02321985
02331985
02341985
02351985
02361985
02371985
02381985
02391985
02401985
02411985
02421985
02431985
02441985
02451985
02461985
02471985
02481985
02491985
02501985
02511985
02521985
02531985
02541985
02551985
02561985
02571985
02581985
02591985
02601985
02611985
02621985
02631985
02641985
02651985
02661985
02671985
02681985
02691985
02701985
02711985
02721985
02731985
02741985
02751985
02761985
02771985
02781985
02791985
02801985
02811985
02821985
02831985
02841985
02851985
02861985
02871985
02881985
02891985
02901985
02911985
02921985
02931985
02941985
02951985
02961985
02971985
02981985
02991985
03001985
03011985
03021985
03031985
03041985
03051985
03061985
03071985
03081985
03091985
03101985
03111985
03121985
03131985
03141985
03151985
03161985
03171985
03181985
03191985
03201985
03211985
03221985
03231985
03241985
03251985
03261985
03271985
03281985
03291985
03301985
03311985
03321985
03331985
03341985
03351985
03361985
03371985
03381985
03391985
03401985
03411985
03421985
03431985
03441985
03451985
03461985
03471985
03481985
03491985
03501985
03511985
03521985
03531985
03541985
03551985
03561985
03571985
03581985
03591985
03601985
03611985
03621985
03631985
03641985
03651985
03661985
03671985
03681985
03691985
03701985
03711985
03721985
03731985
03741985
03751985
03761985
03771985
03781985
03791985
03801985
03811985
03821985
03831985
03841985
03851985
03861985
03871985
03881985
03891985
03901985
03911985
03921985
03931985
03941985
03951985
03961985
03971985
03981985
03991985
04001985
04011985
04021985
04031985
04041985
04051985
04061985
04071985
04081985
04091985
04101985
04111985
04121985
04131985
04141985
04151985
04161985
04171985
04181985
04191985
04201985
04211985
04221985
04231985
04241985
04251985
04261985
04271985
04281985
04291985
04301985
04311985
04321985
04331985
04341985
04351985
04361985
04371985
04381985
04391985
04401985
04411985
04421985
04431985
04441985
04451985
04461985
04471985
04481985
04491985
04501985
04511985
04521985
04531985
04541985
04551985
04561985
04571985
04581985
04591985
04601985
04611985
04621985
04631985
04641985
04651985
04661985
04671985
04681985
04691985
04701985
04711985
04721985
04731985
04741985
04751985
04761985
04771985
04781985
04791985
04801985
04811985
04821985
04831985
04841985
04851985
04861985
04871985
04881985
04891985
04901985
04911985
04921985
04931985
04941985
04951985
04961985
04971985
04981985
04991985
05001985
05011985
05021985
05031985
05041985
05051985
05061985
05071985
05081985
05091985
05101985
05111985
05121985
05131985
05141985
05151985
05161985
05171985
05181985
05191985
05201985
05211985
05221985
05231985
05241985
05251985
05261985
05271985
05281985
05291985
05301985
05311985
05321985
05331985
05341985
05351985
05361985
05371985
05381985
05391985
05401985
05411985
05421985
05431985
05441985
05451985
05461985
05471985
05481985
05491985
05501985
05511985
05521985
05531985
05541985
05551985
05561985
05571985
05581985
05591985
05601985
05611985
05621985
05631985
05641985
05651985
05661985
05671985
05681985
05691985
05701985
05711985
05721985
05731985
05741985
05751985
05761985
05771985
05781985
05791985
05801985
05811985
05821985
05831985
05841985
05851985
05861985
05871985
05881985
05891985
05901985
05911985
05921985
05931985
05941985
05951985
05961985
05971985
05981985
05991985
06001985
06011985
06021985
06031985
06041985
06051985
06061985
06071985
06081985
06091985
06101985
06111985
06121985
06131985
06141985
06151985
06161985
06171985
06181985
06191985
06201985
06211985
06221985
06231985
06241985
06251985
06261985
06271985
06281985
06291985
06301985
06311985
06321985
06331985
06341985
06351985
06361985
06371985
06381985
06391985
06401985
06411985
06421985
06431985
06441985
06451985
06461985
06471985
06481985
06491985
06501985
06511985
06521985
06531985
06541985
06551985
06561985
06571985
06581985
06591985
06601985
06611985
06621985
06631985
06641985
06651985
06661985
06671985
06681985
06691985
06701985
06711985
06721985
06731985
06741985
06751985
06761985
06771985
06781985
06791985
06801985
06811985
06821985
06831985
06841985
06851985
06861985
06871985
06881985
06891985
06901985
06911985
06921985
06931985
06941985
06951985
06961985
06971985
06981985
06991985
07001985
07011985
07021985
07031985
07041985
07051985
07061985
07071985
07081985
07091985
07101985
07111985
07121985
07131985
07141985
07151985
07161985
07171985
07181985
07191985
07201985
07211985
07221985
07231985
07241985
07251985
07261985
07271985
07281985
07291985
07301985
07311985
07321985
07331985
07341985
07351985
07361985
07371985
07381985
07391985
07401985
07411985
07421985
07431985
07441985
07451985
07461985
07471985
07481985
07491985
07501985
07511985
07521985
07531985
07541985
07551985
07561985
07571985
07581985
07591985
07601985
07611985
07621985
07631985
07641985
07651985
07661985
07671985
07681985
07691985
07701985
07711985
07721985
07731985
07741985
07751985
07761985
07771985
07781985
07791985
07801985
07811985
07821985
07831985
07841985
07851985
07861985
07871985
07881985
07891985
07901985
07911985
07921985
07931985
07941985
07951985
07961985
07971985
07981985
07991985
08001985
08011985
08021985
08031985
08041985
08051985
08061985
08071985
08081985
08091985
08101985
08111985
08121985
08131985
08141985
08151985
08161985
08171985
08181985
08191985
08201985
08211985
08221985
08231985
08241985
08251985
08261985
08271985
08281985
08291985
08301985
08311985
08321985
08331985
08341985
08351985
08361985
08371985
08381985
08391985
08401985
08411985
08421985
08431985
08441985
08451985
08461985
08471985
08481985
08491985
08501985
08511985
08521985
08531985
08541985
08551985
08561985
08571985
08581985
08591985
08601985
08611985
08621985
08631985
08641985
08651985
08661985
08671985
08681985
08691985
08701985
08711985
08721985
08731985
08741985
08751985
08761985
08771985
08781985
08791985
08801985
08811985
08821985
08831985
08841985
08851985
08861985
08871985
08881985
08891985
08901985
08911985
08921985
08931985
08941985
08951985
08961985
08971985
08981985
08991985
09001985
09011985
09021985
09031985
09041985
09051985
09061985
09071985
09081985
09091985
09101985
09111985
09121985
09131985
09141985
09151985
09161985
09171985
09181985
09191985
09201985
09211985
09221985
09231985
09241985
09251985
09261985
09271985
09281985
09291985
09301985
09311985
09321985
09331985
09341985
09351985
09361985
09371985
09381985
09391985
09401985
09411985
09421985
09431985
09441985
09451985
09461985
09471985
09481985
09491985
09501985
09511985
09521985
09531985
09541985
09551985
09561985
09571985
09581985
09591985
09601985
09611985
09621985
09631985
09641985
09651985
09661985
09671985
09681985
09691985
09701985
09711985
09721985
09731985
09741985
09751985
09761985
09771985
09781985
09791985
09801985
09811985
09821985
09831985
09841985
09851985
09861985
09871985
09881985
09891985
09901985
09911985
09921985
09931985
09941985
09951985
09961985
09971985
09981985
09991985
10001985
10011985
10021985
10031985
10041985
10051985
10061985
10071985
10081985
10091985
10101985
10111985
10121985
10131985
10141985
10151985
10161985
10171985
10181985
10191985
10201985
10211985
10221985
10231985
10241985
10251985
10261985
10271985
10281985
10291985
10301985
10311985
10321985
10331985
10341985
10351985
10361985
10371985
10381985
10391985
10401985
10411985
10421985
10431985
10441985
10451985
10461985
10471985
10481985
10491985
10501985
10511985
10521985
10531985
10541985
10551985
10561985
10571985
10581985
10591985
10601985
10611985
10621985
10631985
10641985
10651985
10661985
10671985
10681985
10691985
10701985
10711985
10721985
10731985
10741985
10751985
10761985
10771985
10781985
10791985
10801985
10811985
10821985
10831985
10841985
10851985
10861985
10871985
10881985
10891985
10901985
10911985
10921985
10931985
10941985
10951985
10961985
10971985
10981985
10991985
11001985
11011985
11021985
11031985
11041985
11051985
11061985
11071985
11081985
11091985
11101985
11111985
11121985
11131985
11141985
11151985
11161985
11171985
11181985
11191985
11201985
11211985
11221985
11231985
11241985
11251985
11261985
11271985
11281985
11291985
11301985
11311985
11321985
11331985
11341985
11351985
11361985
11371985
11381985
11391985
11401985
11411985
11421985
11431985
11441985
11451985
11461985
11471985
11481985
11491985
11501985
11511985
11521985
11531985
11541985
11551985
11561985
11571985
11581985
11591985
11601985
11611985
11621985
11631985
11641985
11651985
11661985
11671985
11681985
11691985
11701985
11711985
11721985
11731985
11741985
11751985
11761985
11771985
11781985
11791985
11801985
11811985
11821985
11831985
11841985
11851985
11861985
11871985
11881985
11891985
11901985
11911985
11921985
11931985
11941985
11951985
11961985
11971985
11981985
11991985
12001985
12011985
12021985
12031985
12041985
12051985
12061985
12071985
12081985
12091985
12101985
12111985
12121985
12131985
12141985
12151985
12161985
12171985
12181985
12191985
12201985
12211985
12221985
12231985
12241985
12251985
12261985
12271985
12281985
12291985
12301985
12311985
12321985
12331985
12341985
12351985
12361985
12371985
12381985
12391985
12401985
12411985
12421985
12431985
12441985
12451985
12461985
12471985
12481985
12491985
12501985
12511985
12521985
12531985
12541985
12551985
12561985
12571985
12581985
12591985
12601985
12611985
12621985
12631985
12641985
12651985
12661985
12671985
12681985
12691985
12701985
12711985
12721985
12731985
12741985
12751985
12761985
12771985
12781985
12791985
12801985
12811985
12821985
12831985
12841985
12851985
12861985
12871985
12881985
12891985
12901985
12911985
12921985
12931985
12941985
12951985
12961985
12971985
12981985
12991985
13001985
13011985
13021985
13031985
13041985
13051985
13061985
13071985
13081985
13091985
13101985
13111985
13121985
13131985
13141985
13151985
13161985
13171985
13181985
13191985
13201985
13211985
13221985
13231985
13241985
13251985
13261985
13271985
13281985
13291985
13301985
13311985
13321985
13331985
13341985
13351985
13361985
13371985
13381985
13391985
13401985
13411985
13421985
13431985
13441985
13451985
13461985
13471985
13481985
13491985
13501985
13511985
13521985
13531985
13541985
13551985
13561985
13571985
13581985
13591985
13601985
13611985
13621985
13631985
13641985
13651985
13661985
13671985
13681985
13691985
13701985
13711985
13721985
13731985
13741985
13751985
13761985
13771985
13781985
13791985
13801985
13811985
13821985
13831985
13841985
13851985
13861985
13871985
13881985
13891985
13901985
13911985
13921985
13931985
13941985
13951985
13961985
13971985
13981985
13991985
14001985
14011985
14021985
14031985
14041985
14051985
14061985
14071985
14081985
14091985
14101985
14111985
14121985
14131985
14141985
14151985
14161985
14171985
14181985
14191985
14201985
14211985
14221985
14231985
14241985
14251985
14261985
14271985
14281985
14291985
14301985
14311985
14321985
14331985
14341985
14351985
14361985
14371985
14381985
14391985
14401985
14411985
14421985
14431985
14441985
14451985
14461985
14471985
14481985
14491985
14501985
14511985
14521985
14531985
14541985
14551985
14561985
14571985
14581985
14591985
14601985
14611985
14621985
14631985
14641985
14651985
14661985
14671985
14681985
14691985
14701985
14711985
14721985
14731985
14741985
14751985
14761985
14771985
14781985
14791985
14801985
14811985
14821985
14831985
14841985
14851985
14861985
14871985
14881985
14891985
14901985
14911985
14921985
14931985
14941985
14951985
14961985
14971985
14981985
14991985
15001985
15011985
15021985
15031985
15041985
15051985
15061985
15071985
15081985
15091985
15101985
15111985
15121985
15131985
15141985
15151985
15161985
15171985
15181985
15191985
15201985
15211985
15221985
15231985
15241985
15251985
15261985
15271985
15281985
15291985
15301985
15311985
15321985
15331985
15341985
15351985
15361985
15371985
15381985
15391985
15401985
15411985
15421985
15431985
15441985
15451985
15461985
15471985
15481985
15491985
15501985
15511985
15521985
15531985
15541985
15551985
15561985
15571985
15581985
15591985
15601985
15611985
15621985
15631985
15641985
15651985
15661985
15671985
15681985
15691985
15701985
15711985
15721985
15731985
15741985
15751985
15761985
15771985
15781985
15791985
15801985
15811985
15821985
15831985
15841985
15851985
15861985
15871985
15881985
15891985
15901985
15911985
15921985
15931985
15941985
15951985
15961985
15971985
15981985
15991985
16001985
16011985
16021985
16031985
16041985
16051985
16061985
16071985
16081985
16091985
16101985
16111985
16121985
16131985
16141985
16151985
16161985
16171985
16181985
16191985
16201985
16211985
16221985
16231985
16241985
16251985
16261985
16271985
16281985
16291985
16301985
16311985
16321985
16331985
16341985
16351985
16361985
16371985
16381985
16391985
16401985
16411985
16421985
16431985
16441985
16451985
16461985
16471985
16481985
16491985
16501985
16511985
16521985
16531985
16541985
16551985
16561985
16571985
16581985
16591985
16601985
16611985
16621985
16631985
16641985
16651985
16661985
16671985
16681985
16691985
16701985
16711985
16721985
16731985
16741985
16751985
16761985
16771985
16781985
16791985
16801985
16811985
16821985
16831985
16841985
16851985
16861985
16871985
16881985
16891985
16901985
16911985
16921985
16931985
16941985
16951985
16961985
16971985
16981985
16991985
17001985
17011985
17021985
17031985
17041985
17051985
17061985
17071985
17081985
17091985
17101985
17111985
17121985
17131985
17141985
17151985
17161985
17171985
17181985
17191985
17201985
17211985
17221985
17231985
17241985
17251985
17261985
17271985
17281985
17291985
17301985
17311985
17321985
17331985
17341985
17351985
17361985
17371985
17381985
17391985
17401985
17411985
17421985
17431985
17441985
17451985
17461985
17471985
17481985
17491985
17501985
17511985
17521985
17531985
17541985
17551985
17561985
17571985
17581985
17591985
17601985
17611985
17621985
17631985
17641985
17651985
17661985
17671985
17681985
17691985
17701985
17711985
17721985
17731985
17741985
17751985
17761985
17771985
17781985
17791985
17801985
17811985
17821985
17831985
17841985
17851985
17861985
17871985
17881985
17891985
17901985
17911985
17921985
17931985
17941985
17951985
17961985
17971985
17981985
17991985
18001985
18011985
18021985
18031985
18041985
18051985
18061985
18071985
18081985
18091985
18101985
18111985
18121985
18131985
18141985
18151985
18161985
18171985
18181985
18191985
18201985
18211985
18221985
18231985
18241985
18251985
18261985
18271985
18281985
18291985
18301985
18311985
18321985
18331985
18341985
18351985
18361985
18371985
18381985
18391985
18401985
18411985
18421985
18431985
18441985
18451985
18461985
18471985
18481985
18491985
18501985
18511985
18521985
18531985
18541985
18551985
18561985
18571985
18581985
18591985
18601985
18611985
18621985
18631985
18641985
18651985
18661985
18671985
18681985
18691985
18701985
18711985
18721985
18731985
18741985
18751985
18761985
18771985
18781985
18791985
18801985
18811985
18821985
18831985
18841985
18851985
18861985
18871985
18881985
18891985
18901985
18911985
18921985
18931985
18941985
18951985
18961985
18971985
18981985
18991985
19001985
19011985
19021985
19031985
19041985
19051985
19061985
19071985
19081985
19091985
19101985
19111985
19121985
19131985
19141985
19151985
19161985
19171985
19181985
19191985
19201985
19211985
19221985
19231985
19241985
19251985
19261985
19271985
19281985
19291985
19301985
19311985
19321985
19331985
19341985
19351985
19361985
19371985
19381985
19391985
19401985
19411985
19421985
19431985
19441985
19451985
19461985
19471985
19481985
19491985
19501985
19511985
19521985
19531985
19541985
19551985
19561985
19571985
19581985
19591985
19601985
19611985
19621985
19631985
19641985
19651985
19661985
19671985
19681985
19691985
19701985
19711985
19721985
19731985
19741985
19751985
19761985
19771985
19781985
19791985
19801985
19811985
19821985
19831985
19841985
19851985
19861985
19871985
19881985
19891985
19901985
19911985
19921985
19931985
19941985
19951985
19961985
19971985
19981985
19991985
20001985
20011985
20021985
20031985
20041985
20051985
20061985
20071985
20081985
20091985
20101985
20111985
20121985
20131985
20141985
20151985
20161985
20171985
20181985
20191985
20201985
20211985
20221985
20231985
20241985
20251985
20261985
20271985
20281985
20291985
20301985
20311985
20321985
20331985
20341985
20351985
20361985
20371985
20381985
20391985
20401985
20411985
20421985
20431985
20441985
20451985
20461985
20471985
20481985
20491985
20501985
20511985
20521985
20531985
20541985
20551985
20561985
20571985
20581985
20591985
20601985
20611985
20621985
20631985
20641985
20651985
20661985
20671985
20681985
20691985
20701985
20711985
20721985
20731985
20741985
20751985
20761985
20771985
20781985
20791985
20801985
20811985
20821985
20831985
20841985
20851985
20861985
20871985
20881985
20891985
20901985
20911985
20921985
20931985
20941985
20951985
20961985
20971985
20981985
20991985
21001985
21011985
21021985
21031985
21041985
21051985
21061985
21071985
21081985
21091985
21101985
21111985
21121985
21131985
21141985
21151985
21161985
21171985
21181985
21191985
21201985
21211985
21221985
21231985
21241985
21251985
21261985
21271985
21281985
21291985
21301985
21311985
21321985
21331985
21341985
21351985
21361985
21371985
21381985
21391985
21401985
21411985
21421985
21431985
21441985
21451985
21461985
21471985
21481985
21491985
21501985
21511985
21521985
21531985
21541985
21551985
21561985
21571985
21581985
21591985
21601985
21611985
21621985
21631985
21641985
21651985
21661985
21671985
21681985
21691985
21701985
21711985
21721985
21731985
21741985
21751985
21761985
21771985
21781985
21791985
21801985
21811985
21821985
21831985
21841985
21851985
21861985
21871985
21881985
21891985
21901985
21911985
21921985
21931985
21941985
21951985
21961985
21971985
21981985
21991985
22001985
22011985
22021985
22031985
22041985
22051985
22061985
22071985
22081985
22091985
22101985
22111985
22121985
22131985
22141985
22151985
22161985
22171985
22181985
22191985
22201985
22211985
22221985
22231985
22241985
22251985
22261985
22271985
22281985
22291985
22301985
22311985
22321985
22331985
22341985
22351985
22361985
22371985
22381985
22391985
22401985
22411985
22421985
22431985
22441985
22451985
22461985
22471985
22481985
22491985
22501985
22511985
22521985
22531985
22541985
22551985
22561985
22571985
22581985
22591985
22601985
22611985
22621985
22631985
22641985
22651985
22661985
22671985
22681985
22691985
22701985
22711985
22721985
22731985
22741985
22751985
22761985
22771985
22781985
22791985
22801985
22811985
22821985
22831985
22841985
22851985
22861985
22871985
22881985
22891985
22901985
22911985
22921985
22931985
22941985
22951985
22961985
22971985
22981985
22991985
23001985
23011985
23021985
23031985
23041985
23051985
23061985
23071985
23081985
23091985
23101985
23111985
23121985
23131985
23141985
23151985
23161985
23171985
23181985
23191985
23201985
23211985
23221985
23231985
23241985
23251985
23261985
23271985
23281985
23291985
23301985
23311985
23321985
23331985
23341985
23351985
23361985
23371985
23381985
23391985
23401985
23411985
23421985
23431985
23441985
23451985
23461985
23471985
23481985
23491985
23501985
23511985
23521985
23531985
23541985
23551985
23561985
23571985
23581985
23591985
23601985
23611985
23621985
23631985
23641985
23651985
23661985
23671985
23681985
23691985
23701985
23711985
23721985
23731985
23741985
23751985
23761985
23771985
23781985
23791985
23801985
23811985
23821985
23831985
23841985
23851985
23861985
23871985
23881985
23891985
23901985
23911985
23921985
23931985
23941985
23951985
23961985
23971985
23981985
23991985
24001985
24011985
24021985
24031985
24041985
24051985
24061985
24071985
24081985
24091985
24101985
24111985
24121985
24131985
24141985
24151985
24161985
24171985
24181985
24191985
24201985
24211985
24221985
24231985
24241985
24251985
24261985
24271985
24281985
24291985
24301985
24311985
24321985
24331985
24341985
24351985
24361985
24371985
24381985
24391985
24401985
24411985
24421985
24431985
24441985
24451985
24461985
24471985
24481985
24491985
24501985
24511985
24521985
24531985
24541985
24551985
24561985
24571985
24581985
24591985
24601985
24611985
24621985
24631985
24641985
24651985
24661985
24671985
24681985
24691985
24701985
24711985
24721985
24731985
24741985
24751985
24761985
24771985
24781985
24791985
24801985
24811985
24821985
24831985
24841985
24851985
24861985
24871985
24881985
24891985
24901985
24911985
24921985
24931985
24941985
24951985
24961985
24971985
24981985
24991985
25001985
25011985
25021985
25031985
25041985
25051985
25061985
25071985
25081985
25091985
25101985
25111985
25121985
25131985
25141985
25151985
25161985
25171985
25181985
25191985
25201985
25211985
25221985
25231985
25241985
25251985
25261985
25271985
25281985
25291985
25301985
25311985
25321985
25331985
25341985
25351985
25361985
25371985
25381985
25391985
25401985
25411985
25421985
25431985
25441985
25451985
25461985
25471985
25481985
25491985
25501985
25511985
25521985
25531985
25541985
25551985
25561985
25571985
25581985
25591985
25601985
25611985
25621985
25631985
25641985
25651985
25661985
25671985
25681985
25691985
25701985
25711985
25721985
25731985
25741985
25751985
25761985
25771985
25781985
25791985
25801985
25811985
25821985
25831985
25841985
25851985
25861985
25871985
25881985
25891985
25901985
25911985
25921985
25931985
25941985
25951985
25961985
25971985
25981985
25991985
26001985
26011985
26021985
26031985
26041985
26051985
26061985
26071985
26081985
26091985
26101985
26111985
26121985
26131985
26141985
26151985
26161985
26171985
26181985
26191985
26201985
26211985
26221985
26231985
26241985
26251985
26261985
26271985
26281985
26291985
26301985
26311985
26321985
26331985
26341985
26351985
26361985
26371985
26381985
26391985
26401985
26411985
26421985
26431985
26441985
26451985
26461985
26471985
26481985
26491985
26501985
26511985
26521985
26531985
26541985
26551985
26561985
26571985
26581985
26591985
26601985
26611985
26621985
26631985
26641985
26651985
26661985
26671985
26681985
26691985
26701985
26711985
26721985
26731985
26741985
26751985
26761985
26771985
26781985
26791985
26801985
26811985
26821985
26831985
26841985
26851985
26861985
26871985
26881985
26891985
26901985
26911985
26921985
26931985
26941985
26951985
26961985
26971985
26981985
26991985
27001985
27011985
27021985
27031985
27041985
27051985
27061985
27071985
27081985
27091985
27101985
27111985
27121985
27131985
27141985
27151985
27161985
27171985
27181985
27191985
27201985
27211985
27221985
27231985
27241985
27251985
27261985
27271985
27281985
27291985
27301985
27311985
27321985
27331985
27341985
27351985
27361985
27371985
27381985
27391985
27401985
27411985
27421985
27431985
27441985
27451985
27461985
27471985
27481985
27491985
27501985
27511985
27521985
27531985
27541985
27551985
27561985
27571985
27581985
27591985
27601985
27611985
27621985
27631985
27641985
27651985
27661985
27671985
27681985
27691985
27701985
27711985
27721985
27731985
27741985
27751985
27761985
27771985
27781985
27791985
27801985
27811985
27821985
27831985
27841985
27851985
27861985
27871985
27881985
27891985
27901985
27911985
27921985
27931985
27941985
27951985
27961985
27971985
27981985
27991985
28001985
28011985
28021985
28031985
28041985
28051985
28061985
28071985
28081985
28091985
28101985
28111985
28121985
28131985
28141985
28151985
28161985
28171985
28181985
28191985
28201985
28211985
28221985
28231985
28241985
28251985
28261985
28271985
28281985
28291985
28301985
28311985
28321985
28331985
28341985
28351985
28361985
28371985
28381985
28391985
28401985
28411985
28421985
28431985
28441985
28451985
28461985
28471985
28481985
28491985
28501985
28511985
28521985
28531985
28541985
28551985
28561985
28571985
28581985
28591985
28601985
28611985
28621985
28631985
28641985
28651985
28661985
28671985
28681985
28691985
28701985
28711985
28721985
28731985
28741985
28751985
28761985
28771985
28781985
28791985
28801985
28811985
28821985
28831985
28841985
28851985
28861985
28871985
28881985
28891985
28901985
28911985
28921985
28931985
28941985
28951985
28961985
28971985
28981985
28991985
29001985
29011985
29021985
29031985
29041985
29051985
29061985
29071985
29081985
29091985
29101985
29111985
29121985
29131985
29141985
29151985
29161985
29171985
29181985
29191985
29201985
29211985
29221985
29231985
29241985
29251985
29261985
29271985
29281985
29291985
29301985
29311985
29321985
29331985
29341985
29351985
29361985
29371985
29381985
29391985
29401985
29411985
29421985
29431985
29441985
29451985
29461985
29471985
29481985
29491985
29501985
29511985
29521985
29531985
29541985
29551985
29561985
29571985
29581985
29591985
29601985
29611985
29621985
29631985
29641985
29651985
29661985
29671985
29681985
29691985
29701985
29711985
29721985
29731985
29741985
29751985
29761985
29771985
29781985
29791985
29801985
29811985
29821985
29831985
29841985
29851985
29861985
29871985
29881985
29891985
29901985
29911985
29921985
29931985
29941985
29951985
29961985
29971985
29981985
29991985
30001985
30011985
30021985
30031985
30041985
30051985
30061985
30071985
30081985
30091985
30101985
30111985
30121985
30131985
30141985
30151985
30161985
30171985
30181985
30191985
30201985
30211985
30221985
30231985
30241985
30251985
30261985
30271985
30281985
30291985
30301985
30311985
30321985
30331985
30341985
30351985
30361985
30371985
30381985
30391985
30401985
30411985
30421985
30431985
30441985
30451985
30461985
30471985
30481985
30491985
30501985
30511985
30521985
30531985
30541985
30551985
30561985
30571985
30581985
30591985
30601985
30611985
30621985
30631985
30641985
30651985
30661985
30671985
30681985
30691985
30701985
30711985
30721985
30731985
30741985
30751985
30761985
30771985
30781985
30791985
30801985
30811985
30821985
30831985
30841985
30851985
30861985
30871985
30881985
30891985
30901985
30911985
30921985
30931985
30941985
30951985
30961985
30971985
30981985
30991985
31001985
31011985
31021985
31031985
31041985
31051985
31061985
31071985
31081985
31091985
31101985
31111985
31121985
31131985
31141985
31151985
31161985
31171985
31181985
31191985
31201985
31211985
31221985
31231985
31241985
31251985
31261985
31271985
31281985
31291985
31301985
31311985
31321985
31331985
31341985
31351985
31361985
31371985
31381985
31391985
31401985
31411985
31421985
31431985
31441985
31451985
31461985
31471985
31481985
31491985
31501985
31511985
31521985
31531985
31541985
31551985
31561985
31571985
31581985
31591985
31601985
31611985
31621985
31631985
31641985
31651985
31661985
31671985
31681985
31691985
31701985
31711985
31721985
31731985
31741985
31751985
31761985
31771985
31781985
31791985
31801985
31811985
31821985
31831985
31841985
31851985
31861985
31871985
31881985
31891985
31901985
31911985
31921985
31931985
31941985
31951985
31961985
31971985
31981985
31991985
32001985
32011985
32021985
32031985
32041985
32051985
32061985
32071985
32081985
32091985
32101985
32111985
32121985
32131985
32141985
32151985
32161985
32171985
32181985
32191985
32201985
32211985
32221985
32231985
32241985
32251985
32261985
32271985
32281985
32291985
32301985
32311985
32321985
32331985
32341985
32351985
32361985
32371985
32381985
32391985
32401985
32411985
32421985
32431985
32441985
32451985
32461985
32471985
32481985
32491985
32501985
32511985
32521985
32531985
32541985
32551985
32561985
32571985
32581985
32591985
32601985
32611985
32621985
32631985
32641985
32651985
32661985
32671985
32681985
32691985
32701985
32711985
32721985
32731985
32741985
32751985
32761985
32771985
32781985
32791985
32801985
32811985
32821985
32831985
32841985
32851985
32861985
32871985
32881985
32891985
32901985
32911985
32921985
32931985
32941985
32951985
32961985
32971985
32981985
32991985
33001985
33011985
33021985
33031985
33041985
33051985
33061985
33071985
33081985
33091985
33101985
33111985
33121985
33131985
33141985
33151985
33161985
33171985
33181985
33191985
33201985
33211985
33221985
33231985
33241985
33251985
33261985
33271985
33281985
33291985
33301985
33311985
33321985
33331985
33341985
33351985
33361985
33371985
33381985
33391985
33401985
33411985
33421985
33431985
33441985
33451985
33461985
33471985
33481985
33491985
33501985
33511985
33521985
33531985
33541985
33551985
33561985
33571985
33581985
33591985
33601985
33611985
33621985
33631985
33641985
33651985
33661985
33671985
33681985
33691985
33701985
33711985
33721985
33731985
33741985
33751985
33761985
33771985
33781985
33791985
33801985
33811985
33821985
33831985
33841985
33851985
33861985
33871985
33881985
33891985
33901985
33911985
33921985
33931985
33941985
33951985
33961985
33971985
33981985
33991985
34001985
34011985
34021985
34031985
34041985
34051985
34061985
34071985
34081985
34091985
34101985
34111985
34121985
34131985
34141985
34151985
34161985
34171985
34181985
34191985
34201985
34211985
34221985
34231985
34241985
34251985
34261985
34271985
34281985
34291985
34301985
34311985
34321985
34331985
34341985
34351985
34361985
34371985
34381985
34391985
34401985
34411985
34421985
34431985
34441985
34451985
34461985
34471985
34481985
34491985
34501985
34511985
34521985
34531985
34541985
34551985
34561985
34571985
34581985
34591985
34601985
34611985
34621985
34631985
34641985
34651985
34661985
34671985
34681985
34691985
34701985
34711985
34721985
34731985
34741985
34751985
34761985
34771985
34781985
34791985
34801985
34811985
34821985
34831985
34841985
34851985
34861985
34871985
34881985
34891985
34901985
34911985
34921985
34931985
34941985
34951985
34961985
34971985
34981985
34991985
35001985
35011985
35021985
35031985
35041985
35051985
35061985
35071985
35081985
35091985
35101985
35111985
35121985
35131985
35141985
35151985
35161985
35171985
35181985
35191985
35201985
35211985
35221985
35231985
35241985
35251985
35261985
35271985
35281985
35291985
35301985
35311985
35321985
35331985
35341985
35351985
35361985
35371985
35381985
35391985
35401985
35411985
35421985
35431985
35441985
35451985
35461985
35471985
35481985
35491985
35501985
35511985
35521985
35531985
35541985
35551985
35561985
35571985
35581985
35591985
35601985
35611985
35621985
35631985
35641985
35651985
35661985
35671985
35681985
35691985
35701985
35711985
35721985
35731985
35741985
35751985
35761985
35771985
35781985
35791985
35801985
35811985
35821985
35831985
35841985
35851985
35861985
35871985
35881985
35891985
35901985
35911985
35921985
35931985
35941985
35951985
35961985
35971985
35981985
35991985
36001985
36011985
36021985
36031985
36041985
36051985
36061985
36071985
36081985
36091985
36101985
36111985
36121985
36131985
36141985
36151985
36161985
36171985
36181985
36191985
36201985
36211985
36221985
36231985
36241985
36251985
36261985
36271985
36281985
36291985
36301985
36311985
36321985
36331985
36341985
36351985
36361985
36371985
36381985
36391985
36401985
36411985
36421985
36431985
36441985
36451985
36461985
36471985
36481985
36491985
36501985
36511985
36521985
36531985
36541985
36551985
36561985
36571985
36581985
36591985
36601985
36611985
36621985
36631985
36641985
36651985
36661985
36671985
36681985
36691985
36701985
36711985
36721985
36731985
36741985
36751985
36761985
36771985
36781985
36791985
36801985
36811985
36821985
36831985
36841985
36851985
36861985
36871985
36881985
36891985
36901985
36911985
36921985
36931985
36941985
36951985
36961985
36971985
36981985
36991985
37001985
37011985
37021985
37031985
37041985
37051985
37061985
37071985
37081985
37091985
37101985
37111985
37121985
37131985
37141985
37151985
37161985
37171985
37181985
37191985
37201985
37211985
37221985
37231985
37241985
37251985
37261985
37271985
37281985
37291985
37301985
37311985
37321985
37331985
37341985
37351985
37361985
37371985
37381985
37391985
37401985
37411985
37421985
37431985
37441985
37451985
37461985
37471985
37481985
37491985
37501985
37511985
37521985
37531985
37541985
37551985
37561985
37571985
37581985
37591985
37601985
37611985
37621985
37631985
37641985
37651985
37661985
37671985
37681985
37691985
37701985
37711985
37721985
37731985
37741985
37751985
37761985
37771985
37781985
37791985
37801985
37811985
37821985
37831985
37841985
37851985
37861985
37871985
37881985
37891985
37901985
37911985
37921985
37931985
37941985
37951985
37961985
37971985
37981985
37991985
38001985
38011985
38021985
38031985
38041985
38051985
38061985
38071985
38081985
38091985
38101985
38111985
38121985
38131985
38141985
38151985
38161985
38171985
38181985
38191985
38201985
38211985
38221985
38231985
38241985
38251985
38261985
38271985
38281985
38291985
38301985
38311985
38321985
38331985
38341985
38351985
38361985
38371985
38381985
38391985
38401985
38411985
38421985
38431985
38441985
38451985
38461985
38471985
38481985
38491985
38501985
38511985
38521985
38531985
38541985
38551985
38561985
38571985
38581985
38591985
38601985
38611985
38621985
38631985
38641985
38651985
38661985
38671985
38681985
38691985
38701985
38711985
38721985
38731985
38741985
38751985
38761985
38771985
38781985
38791985
38801985
38811985
38821985
38831985
38841985
38851985
38861985
38871985
38881985
38891985
38901985
38911985
38921985
38931985
38941985
38951985
38961985
38971985
38981985
38991985
39001985
39011985
39021985
39031985
39041985
39051985
39061985
39071985
39081985
39091985
39101985
39111985
39121985
39131985
39141985
39151985
39161985
39171985
39181985
39191985
39201985
39211985
39221985
39231985
39241985
39251985
39261985
39271985
39281985
39291985
39301985
39311985
39321985
39331985
39341985
39351985
39361985
39371985
39381985
39391985
39401985
39411985
39421985
39431985
39441985
39451985
39461985
39471985
39481985
39491985
39501985
39511985
39521985
39531985
39541985
39551985
39561985
39571985
39581985
39591985
39601985
39611985
39621985
39631985
39641985
39651985
39661985
39671985
39681985
39691985
39701985
39711985
39721985
39731985
39741985
39751985
39761985
39771985
39781985
39791985
39801985
39811985
39821985
39831985
39841985
39851985
39861985
39871985
39881985
39891985
39901985
39911985
39921985
39931985
39941985
39951985
39961985
39971985
39981985
39991985
40001985
40011985
40021985
40031985
40041985
40051985
40061985
40071985
40081985
40091985
40101985
40111985
40121985
40131985
40141985
40151985
40161985
40171985
40181985
40191985
40201985
40211985
40221985
40231985
40241985
40251985
40261985
40271985
40281985
40291985
40301985
40311985
40321985
40331985
40341985
40351985
40361985
40371985
40381985
40391985
40401985
40411985
40421985
40431985
40441985
40451985
40461985
40471985
40481985
40491985
40501985
40511985
40521985
40531985
40541985
40551985
40561985
40571985
40581985
40591985
40601985
40611985
40621985
40631985
40641985
40651985
40661985
40671985
40681985
40691985
40701985
40711985
40721985
40731985
40741985
40751985
40761985
40771985
40781985
40791985
40801985
40811985
40821985
40831985
40841985
40851985
40861985
40871985
40881985
40891985
40901985
40911985
40921985
40931985
40941985
40951985
40961985
40971985
40981985
40991985
41001985
41011985
41021985
41031985
41041985
41051985
41061985
41071985
41081985
41091985
41101985
41111985
41121985
41131985
41141985
41151985
41161985
41171985
41181985
41191985
41201985
41211985
41221985
41231985
41241985
41251985
41261985
41271985
41281985
41291985
41301985
41311985
41321985
41331985
41341985
41351985
41361985
41371985
41381985
41391985
41401985
41411985
41421985
41431985
41441985
41451985
41461985
41471985
41481985
41491985
41501985
41511985
41521985
41531985
41541985
41551985
41561985
41571985
41581985
41591985
41601985
41611985
41621985
41631985
41641985
41651985
41661985
41671985
41681985
41691985
41701985
41711985
41721985
41731985
41741985
41751985
41761985
41771985
41781985
41791985
41801985
41811985
41821985
41831985
41841985
41851985
41861985
41871985
41881985
41891985
41901985
41911985
41921985
41931985
41941985
41951985
41961985
41971985
41981985
41991985
42001985
42011985
42021985
42031985
42041985
42051985
42061985
42071985
42081985
42091985
42101985
42111985
42121985
42131985
42141985
42151985
42161985
42171985
42181985
42191985
42201985
42211985
42221985
42231985
42241985
42251985
42261985
42271985
42281985
42291985
42301985
42311985
42321985
42331985
42341985
42351985
42361985
42371985
42381985
42391985
42401985
42411985
42421985
42431985
42441985
42451985
42461985
42471985
42481985
42491985
42501985
42511985
42521985
42531985
42541985
42551985
42561985
42571985
42581985
42591985
42601985
42611985
42621985
42631985
42641985
42651985
42661985
42671985
42681985
42691985
42701985
42711985
42721985
42731985
42741985
42751985
42761985
42771985
42781985
42791985
42801985
42811985
42821985
42831985
42841985
42851985
42861985
42871985
42881985
42891985
42901985
42911985
42921985
42931985
42941985
42951985
42961985
42971985
42981985
42991985
43001985
43011985
43021985
43031985
43041985
43051985
43061985
43071985
43081985
43091985
43101985
43111985
43121985
43131985
43141985
43151985
43161985
43171985
43181985
43191985
43201985
43211985
43221985
43231985
43241985
43251985
43261985
43271985
43281985
43291985
43301985
43311985
43321985
43331985
43341985
43351985
43361985
43371985
43381985
43391985
43401985
43411985
43421985
43431985
43441985
43451985
43461985
43471985
43481985
43491985
43501985
43511985
43521985
43531985
43541985
43551985
43561985
43571985
43581985
43591985
43601985
43611985
43621985
43631985
43641985
43651985
43661985
43671985
43681985
43691985
43701985
43711985
43721985
43731985
43741985
43751985
43761985
43771985
43781985
43791985
43801985
43811985
43821985
43831985
43841985
43851985
43861985
43871985
43881985
43891985
43901985
43911985
43921985
43931985
43941985
43951985
43961985
43971985
43981985
43991985
44001985
44011985
44021985
44031985
44041985
44051985
44061985
44071985
44081985
44091985
44101985
44111985
44121985
44131985
44141985
44151985
44161985
44171985
44181985
44191985
44201985
44211985
44221985
44231985
44241985
44251985
44261985
44271985
44281985
44291985
44301985
44311985
44321985
44331985
44341985
44351985
44361985
44371985
44381985
44391985
44401985
44411985
44421985
44431985
44441985
44451985
44461985
44471985
44481985
44491985
44501985
44511985
44521985
44531985
44541985
44551985
44561985
44571985
44581985
44591985
44601985
44611985
44621985
44631985
44641985
44651985
44661985
44671985
44681985
44691985
44701985
44711985
44721985
44731985
44741985
44751985
44761985
44771985
44781985
44791985
44801985
44811985
44821985
44831985
44841985
44851985
44861985
44871985
44881985
44891985
44901985
44911985
44921985
44931985
44941985
44951985
44961985
44971985
44981985
44991985
45001985
45011985
45021985
45031985
45041985
45051985
45061985
45071985
45081985
45091985
45101985
45111985
45121985
45131985
45141985
45151985
45161985
45171985
45181985
45191985
45201985
45211985
45221985
45231985
45241985
45251985
45261985
45271985
45281985
45291985
45301985
45311985
45321985
45331985
45341985
45351985
45361985
45371985
45381985
45391985
45401985
45411985
45421985
45431985
45441985
45451985
45461985
45471985
45481985
45491985
45501985
45511985
45521985
45531985
45541985
45551985
45561985
45571985
45581985
45591985
45601985
45611985
45621985
45631985
45641985
45651985
45661985
45671985
45681985
45691985
45701985
45711985
45721985
45731985
45741985
45751985
45761985
45771985
45781985
45791985
45801985
45811985
45821985
45831985
45841985
45851985
45861985
45871985
45881985
45891985
45901985
45911985
45921985
45931985
45941985
45951985
45961985
45971985
45981985
45991985
46001985
46011985
46021985
46031985
46041985
46051985
46061985
46071985
46081985
46091985
46101985
46111985
46121985
46131985
46141985
46151985
46161985
46171985
46181985
46191985
46201985
46211985
46221985
46231985
46241985
46251985
46261985
46271985
46281985
46291985
46301985
46311985
46321985
46331985
46341985
46351985
46361985
46371985
46381985
46391985
46401985
46411985
46421985
46431985
46441985
46451985
46461985
46471985
46481985
46491985
46501985
46511985
46521985
46531985
46541985
46551985
46561985
46571985
46581985
46591985
46601985
46611985
46621985
46631985
46641985
46651985
46661985
46671985
46681985
46691985
46701985
46711985
46721985
46731985
46741985
46751985
46761985
46771985
46781985
46791985
46801985
46811985
46821985
46831985
46841985
46851985
46861985
46871985
46881985
46891985
46901985
46911985
46921985
46931985
46941985
46951985
46961985
46971985
46981985
46991985
47001985
47011985
47021985
47031985
47041985
47051985
47061985
47071985
47081985
47091985
47101985
47111985
47121985
47131985
47141985
47151985
47161985
47171985
47181985
47191985
47201985
47211985
47221985
47231985
47241985
47251985
47261985
47271985
47281985
47291985
47301985
47311985
47321985
47331985
47341985
47351985
47361985
47371985
47381985
47391985
47401985
47411985
47421985
47431985
47441985
47451985
47461985
47471985
47481985
47491985
47501985
47511985
47521985
47531985
47541985
47551985
47561985
47571985
47581985
47591985
47601985
47611985
47621985
47631985
47641985
47651985
47661985
47671985
47681985
47691985
47701985
47711985
47721985
47731985
47741985
47751985
47761985
47771985
47781985
47791985
47801985
47811985
47821985
47831985
47841985
47851985
47861985
47871985
47881985
47891985
47901985
47911985
47921985
47931985
47941985
47951985
47961985
47971985
47981985
47991985
48001985
48011985
48021985
48031985
48041985
48051985
48061985
48071985
48081985
48091985
48101985
48111985
48121985
48131985
48141985
48151985
48161985
48171985
48181985
48191985
48201985
48211985
48221985
48231985
48241985
48251985
48261985
48271985
48281985
48291985
48301985
48311985
48321985
48331985
48341985
48351985
48361985
48371985
48381985
48391985
48401985
48411985
48421985
48431985
48441985
48451985
48461985
48471985
48481985
48491985
48501985
48511985
48521985
48531985
48541985
48551985
48561985
48571985
48581985
48591985
48601985
48611985
48621985
48631985
48641985
48651985
48661985
48671985
48681985
48691985
48701985
48711985
48721985
48731985
48741985
48751985
48761985
48771985
48781985
48791985
48801985
48811985
48821985
48831985
48841985
48851985
48861985
48871985
48881985
48891985
48901985
48911985
48921985
48931985
48941985
48951985
48961985
48971985
48981985
48991985
49001985
49011985
49021985
49031985
49041985
49051985
49061985
49071985
49081985
49091985
49101985
49111985
49121985
49131985
49141985
49151985
49161985
49171985
49181985
49191985
49201985
49211985
49221985
49231985
49241985
49251985
49261985
49271985
49281985
49291985
49301985
49311985
49321985
49331985
49341985
49351985
49361985
49371985
49381985
49391985
49401985
49411985
49421985
49431985
49441985
49451985
49461985
49471985
49481985
49491985
49501985
49511985
49521985
49531985
49541985
49551985
49561985
49571985
49581985
49591985
49601985
49611985
49621985
49631985
49641985
49651985
49661985
49671985
49681985
49691985
49701985
49711985
49721985
49731985
49741985
49751985
49761985
49771985
49781985
49791985
49801985
49811985
49821985
49831985
49841985
49851985
49861985
49871985
49881985
49891985
49901985
49911985
49921985
49931985
49941985
49951985
49961985
49971985
49981985
49991985
50001985
50011985
50021985
50031985
50041985
50051985
50061985
50071985
50081985
50091985
50101985
50111985
50121985
50131985
50141985
50151985
50161985
50171985
50181985
50191985
50201985
50211985
50221985
50231985
50241985
50251985
50261985
50271985
50281985
50291985
50301985
50311985
50321985
50331985
50341985
50351985
50361985
50371985
50381985
50391985
50401985
50411985
50421985
50431985
50441985
50451985
50461985
50471985
50481985
50491985
50501985
50511985
50521985
50531985
50541985
50551985
50561985
50571985
50581985
50591985
50601985
50611985
50621985
50631985
50641985
50651985
50661985
50671985
50681985
50691985
50701985
50711985
50721985
50731985
50741985
50751985
50761985
50771985
50781985
50791985
50801985
50811985
50821985
50831985
50841985
50851985
50861985
50871985
50881985
50891985
50901985
50911985
50921985
50931985
50941985
50951985
50961985
50971985
50981985
50991985
51001985
51011985
51021985
51031985
51041985
51051985
51061985
51071985
51081985
51091985
51101985
51111985
51121985
51131985
51141985
51151985
51161985
51171985
51181985
51191985
51201985
51211985
51221985
51231985
51241985
51251985
51261985
51271985
51281985
51291985
51301985
51311985
51321985
51331985
51341985
51351985
51361985
51371985
51381985
51391985
51401985
51411985
51421985
51431985
51441985
51451985
51461985
51471985
51481985
51491985
51501985
51511985
51521985
51531985
51541985
51551985
51561985
51571985
51581985
51591985
51601985
51611985
51621985
51631985
51641985
51651985
51661985
51671985
51681985
51691985
51701985
51711985
51721985
51731985
51741985
51751985
51761985
51771985
51781985
51791985
51801985
51811985
51821985
51831985
51841985
51851985
51861985
51871985
51881985
51891985
51901985
51911985
51921985
51931985
51941985
51951985
51961985
51971985
51981985
51991985
52001985
52011985
52021985
52031985
52041985
52051985
52061985
52071985
52081985
52091985
52101985
52111985
52121985
52131985
52141985
52151985
52161985
52171985
52181985
52191985
52201985
52211985
52221985
52231985
52241985
52251985
52261985
52271985
52281985
52291985
52301985
52311985
52321985
52331985
52341985
52351985
52361985
52371985
52381985
52391985
52401985
52411985
52421985
52431985
52441985
52451985
52461985
52471985
52481985
52491985
52501985
52511985
52521985
52531985
52541985
52551985
52561985
52571985
52581985
52591985
52601985
52611985
52621985
52631985
52641985
52651985
52661985
52671985
52681985
52691985
52701985
52711985
52721985
52731985
52741985
52751985
52761985
52771985
52781985
52791985
52801985
52811985
52821985
52831985
52841985
52851985
52861985
52871985
52881985
52891985
52901985
52911985
52921985
52931985
52941985
52951985
52961985
52971985
52981985
52991985
53001985
53011985
53021985
53031985
53041985
53051985
53061985
53071985
53081985
53091985
53101985
53111985
53121985
53131985
53141985
53151985
53161985
53171985
53181985
53191985
53201985
53211985
53221985
53231985
53241985
53251985
53261985
53271985
53281985
53291985
53301985
53311985
53321985
53331985
53341985
53351985
53361985
53371985
53381985
53391985
53401985
53411985
53421985
53431985
53441985
53451985
53461985
53471985
53481985
53491985
53501985
53511985
53521985
53531985
53541985
53551985
53561985
53571985
53581985
53591985
53601985
53611985
53621985
53631985
53641985
53651985
53661985
53671985
53681985
53691985
53701985
53711985
53721985
53731985
53741985
53751985
53761985
53771985
53781985
53791985
53801985
53811985
53821985
53831985
53841985
53851985
53861985
53871985
53881985
53891985
53901985
53911985
53921985
53931985
53941985
53951985
53961985
53971985
53981985
53991985
54001985
54011985
54021985
54031985
54041985
54051985
54061985
54071985
54081985
54091985
54101985
54111985
54121985
54131985
54141985
54151985
54161985
54171985
54181985
54191985
54201985
54211985
54221985
54231985
54241985
54251985
54261985
54271985
54281985
54291985
54301985
54311985
54321985
54331985
54341985
54351985
54361985
54371985
54381985
54391985
54401985
54411985
54421985
54431985
54441985
54451985
54461985
54471985
54481985
54491985
54501985
54511985
54521985
54531985
54541985
54551985
54561985
54571985
54581985
54591985
54601985
54611985
54621985
54631985
54641985
54651985
54661985
54671985
54681985
54691985
54701985
54711985
54721985
54731985
54741985
54751985
54761985
54771985
54781985
54791985
54801985
54811985
54821985
54831985
54841985
54851985
54861985
54871985
54881985
54891985
54901985
54911985
54921985
54931985
54941985
54951985
54961985
54971985
54981985
54991985
55001985
55011985
55021985
55031985
55041985
55051985
55061985
55071985
55081985
55091985
55101985
55111985
55121985
55131985
55141985
55151985
55161985
55171985
55181985
55191985
55201985
55211985
55221985
55231985
55241985
55251985
55261985
55271985
55281985
55291985
55301985
55311985
55321985
55331985
55341985
55351985
55361985
55371985
55381985
55391985
55401985
55411985
55421985
55431985
55441985
55451985
55461985
55471985
55481985
55491985
55501985
55511985
55521985
55531985
55541985
55551985
55561985
55571985
55581985
55591985
55601985
55611985
55621985
55631985
55641985
55651985
55661985
55671985
55681985
55691985
55701985
55711985
55721985
55731985
55741985
55751985
55761985
55771985
55781985
55791985
55801985
55811985
55821985
55831985
55841985
55851985
55861985
55871985
55881985
55891985
55901985
55911985
55921985
55931985
55941985
55951985
55961985
55971985
55981985
55991985
56001985
56011985
56021985
56031985
56041985
56051985
56061985
56071985
56081985
56091985
56101985
56111985
56121985
56131985
56141985
56151985
56161985
56171985
56181985
56191985
56201985
56211985
56221985
56231985
56241985
56251985
56261985
56271985
56281985
56291985
56301985
56311985
56321985
56331985
56341985
56351985
56361985
56371985
56381985
56391985
56401985
56411985
56421985
56431985
56441985
56451985
56461985
56471985
56481985
56491985
56501985
56511985
56521985
56531985
56541985
56551985
56561985
56571985
56581985
56591985
56601985
56611985
56621985
56631985
56641985
56651985
56661985
56671985
56681985
56691985
56701985
56711985
56721985
56731985
56741985
56751985
56761985
56771985
56781985
56791985
56801985
56811985
56821985
56831985
56841985
56851985
56861985
56871985
56881985
56891985
56901985
56911985
56921985
56931985
56941985
56951985
56961985
56971985
56981985
56991985
57001985
57011985
57021985
57031985
57041985
57051985
57061985
57071985
57081985
57091985
57101985
57111985
57121985
57131985
57141985
57151985
57161985
57171985
57181985
57191985
57201985
57211985
57221985
57231985
57241985
57251985
57261985
57271985
57281985
57291985
57301985
57311985
57321985
57331985
57341985
57351985
57361985
57371985
57381985
57391985
57401985
57411985
57421985
57431985
57441985
57451985
57461985
57471985
57481985
57491985
57501985
57511985
57521985
57531985
57541985
57551985
57561985
57571985
57581985
57591985
57601985
57611985
57621985
57631985
57641985
57651985
57661985
57671985
57681985
57691985
57701985
57711985
57721985
57731985
57741985
57751985
57761985
57771985
57781985
57791985
57801985
57811985
57821985
57831985
57841985
57851985
57861985
57871985
57881985
57891985
57901985
57911985
57921985
57931985
57941985
57951985
57961985
57971985
57981985
57991985
58001985
58011985
58021985
58031985
58041985
58051985
58061985
58071985
58081985
58091985
58101985
58111985
58121985
58131985
58141985
58151985
58161985
58171985
58181985
58191985
58201985
58211985
58221985
58231985
58241985
58251985
58261985
58271985
58281985
58291985
58301985
58311985
58321985
58331985
58341985
58351985
58361985
58371985
58381985
58391985
58401985
58411985
58421985
58431985
58441985
58451985
58461985
58471985
58481985
58491985
58501985
58511985
58521985
58531985
58541985
58551985
58561985
58571985
58581985
58591985
58601985
58611985
58621985
58631985
58641985
58651985
58661985
58671985
58681985
58691985
58701985
58711985
58721985
58731985
58741985
58751985
58761985
58771985
58781985
58791985
58801985
58811985
58821985
58831985
58841985
58851985
58861985
58871985
58881985
58891985
58901985
58911985
58921985
58931985
58941985
58951985
58961985
58971985
58981985
58991985
59001985
59011985
59021985
59031985
59041985
59051985
59061985
59071985
59081985
59091985
59101985
59111985
59121985
59131985
59141985
59151985
59161985
59171985
59181985
59191985
59201985
59211985
59221985
59231985
59241985
59251985
59261985
59271985
59281985
59291985
59301985
59311985
59321985
59331985
59341985
59351985
59361985
59371985
59381985
59391985
59401985
59411985
59421985
59431985
59441985
59451985
59461985
59471985
59481985
59491985
59501985
59511985
59521985
59531985
59541985
59551985
59561985
59571985
59581985
59591985
59601985
59611985
59621985
59631985
59641985
59651985
59661985
59671985
59681985
59691985
59701985
59711985
59721985
59731985
59741985
59751985
59761985
59771985
59781985
59791985
59801985
59811985
59821985
59831985
59841985
59851985
59861985
59871985
59881985
59891985
59901985
59911985
59921985
59931985
59941985
59951985
59961985
59971985
59981985
59991985
60001985
60011985
60021985
60031985
60041985
60051985
60061985
60071985
60081985
60091985
60101985
60111985
60121985
60131985
60141985
60151985
60161985
60171985
60181985
60191985
60201985
60211985
60221985
60231985
60241985
60251985
60261985
60271985
60281985
60291985
60301985
60311985
60321985
60331985
60341985
60351985
60361985
60371985
60381985
60391985
60401985
60411985
60421985
60431985
60441985
60451985
60461985
60471985
60481985
60491985
60501985
60511985
60521985
60531985
60541985
60551985
60561985
60571985
60581985
60591985
60601985
60611985
60621985
60631985
60641985
60651985
60661985
60671985
60681985
60691985
60701985
60711985
60721985
60731985
60741985
60751985
60761985
60771985
60781985
60791985
60801985
60811985
60821985
60831985
60841985
60851985
60861985
60871985
60881985
60891985
60901985
60911985
60921985
60931985
60941985
60951985
60961985
60971985
60981985
60991985
61001985
61011985
61021985
61031985
61041985
61051985
61061985
61071985
61081985
61091985
61101985
61111985
61121985
61131985
61141985
61151985
61161985
61171985
61181985
61191985
61201985
61211985
61221985
61231985
61241985
61251985
61261985
61271985
61281985
61291985
61301985
61311985
61321985
61331985
61341985
61351985
61361985
61371985
61381985
61391985
61401985
61411985
61421985
61431985
61441985
61451985
61461985
61471985
61481985
61491985
61501985
61511985
61521985
61531985
61541985
61551985
61561985
61571985
61581985
61591985
61601985
61611985
61621985
61631985
61641985
61651985
61661985
61671985
61681985
61691985
61701985
61711985
61721985
61731985
61741985
61751985
61761985
61771985
61781985
61791985
61801985
61811985
61821985
61831985
61841985
61851985
61861985
61871985
61881985
61891985
61901985
61911985
61921985
61931985
61941985
61951985
61961985
61971985
61981985
61991985
62001985
62011985
62021985
62031985
62041985
62051985
62061985
62071985
62081985
62091985
62101985
62111985
62121985
62131985
62141985
62151985
62161985
62171985
62181985
62191985
62201985
62211985
62221985
62231985
62241985
62251985
62261985
62271985
62281985
62291985
62301985
62311985
62321985
62331985
62341985
62351985
62361985
62371985
62381985
62391985
62401985
62411985
62421985
62431985
62441985
62451985
62461985
62471985
62481985
62491985
62501985
62511985
62521985
62531985
62541985
62551985
62561985
62571985
62581985
62591985
62601985
62611985
62621985
62631985
62641985
62651985
62661985
62671985
62681985
62691985
62701985
62711985
62721985
62731985
62741985
62751985
62761985
62771985
62781985
62791985
62801985
62811985
62821985
62831985
62841985
62851985
62861985
62871985
62881985
62891985
62901985
62911985
62921985
62931985
62941985
62951985
62961985
62971985
62981985
62991985
63001985
63011985
63021985
63031985
63041985
63051985
63061985
63071985
63081985
63091985
63101985
63111985
63121985
63131985
63141985
63151985
63161985
63171985
63181985
63191985
63201985
63211985
63221985
63231985
63241985
63251985
63261985
63271985
63281985
63291985
63301985
63311985
63321985
63331985
63341985
63351985
63361985
63371985
63381985
63391985
63401985
63411985
63421985
63431985
63441985
63451985
63461985
63471985
63481985
63491985
63501985
63511985
63521985
63531985
63541985
63551985
63561985
63571985
63581985
63591985
63601985
63611985
63621985
63631985
63641985
63651985
63661985
63671985
63681985
63691985
63701985
63711985
63721985
63731985
63741985
63751985
63761985
63771985
63781985
63791985
63801985
63811985
63821985
63831985
63841985
63851985
63861985
63871985
63881985
63891985
63901985
63911985
63921985
63931985
63941985
63951985
63961985
63971985
63981985
63991985
64001985
64011985
64021985
64031985
64041985
64051985
64061985
64071985
64081985
64091985
64101985
64111985
64121985
64131985
64141985
64151985
64161985
64171985
64181985
64191985
64201985
64211985
64221985
64231985
64241985
64251985
64261985
64271985
64281985
64291985
64301985
64311985
64321985
64331985
64341985
64351985
64361985
64371985
64381985
64391985
64401985
64411985
64421985
64431985
64441985
64451985
64461985
64471985
64481985
64491985
64501985
64511985
64521985
64531985
64541985
64551985
64561985
64571985
64581985
64591985
64601985
64611985
64621985
64631985
64641985
64651985
64661985
64671985
64681985
64691985
64701985
64711985
64721985
64731985
64741985
64751985
64761985
64771985
64781985
64791985
64801985
64811985
64821985
64831985
64841985
64851985
64861985
64871985
64881985
64891985
64901985
64911985
64921985
64931985
64941985
64951985
64961985
64971985
64981985
64991985
65001985
65011985
65021985
65031985
65041985
65051985
65061985
65071985
65081985
65091985
65101985
65111985
65121985
65131985
65141985
65151985
65161985
65171985
65181985
65191985
65201985
65211985
65221985
65231985
65241985
65251985
65261985
65271985
65281985
65291985
65301985
65311985
65321985
65331985
65341985
65351985
65361985
65371985
65381985
65391985
65401985
65411985
65421985
65431985
65441985
65451985
65461985
65471985
65481985
65491985
65501985
65511985
65521985
65531985
65541985
65551985
65561985
65571985
65581985
65591985
65601985
65611985
65621985
65631985
65641985
65651985
65661985
65671985
65681985
65691985
65701985
65711985
65721985
65731985
65741985
65751985
65761985
65771985
65781985
65791985
65801985
65811985
65821985
65831985
65841985
65851985
65861985
65871985
65881985
65891985
65901985
65911985
65921985
65931985
65941985
65951985
65961985
65971985
65981985
65991985
66001985
66011985
66021985
66031985
66041985
66051985
66061985
66071985
66081985
66091985
66101985
66111985
66121985
66131985
66141985
66151985
66161985
66171985
66181985
66191985
66201985
66211985
66221985
66231985
66241985
66251985
66261985
66271985
66281985
66291985
66301985
66311985
66321985
66331985
66341985
66351985
66361985
66371985
66381985
66391985
66401985
66411985
66421985
66431985
66441985
66451985
66461985
66471985
66481985
66491985
66501985
66511985
66521985
66531985
66541985
66551985
66561985
66571985
66581985
66591985
66601985
66611985
66621985
66631985
66641985
66651985
66661985
66671985
66681985
66691985
66701985
66711985
66721985
66731985
66741985
66751985
66761985
66771985
66781985
66791985
66801985
66811985
66821985
66831985
66841985
66851985
66861985
66871985
66881985
66891985
66901985
66911985
66921985
66931985
66941985
66951985
66961985
66971985
66981985
66991985
67001985
67011985
67021985
67031985
67041985
67051985
67061985
67071985
67081985
67091985
67101985
67111985
67121985
67131985
67141985
67151985
67161985
67171985
67181985
67191985
67201985
67211985
67221985
67231985
67241985
67251985
67261985
67271985
67281985
67291985
67301985
67311985
67321985
67331985
67341985
67351985
67361985
67371985
67381985
67391985
67401985
67411985
67421985
67431985
67441985
67451985
67461985
67471985
67481985
67491985
67501985
67511985
67521985
67531985
67541985
67551985
67561985
67571985
67581985
67591985
67601985
67611985
67621985
67631985
67641985
67651985
67661985
67671985
67681985
67691985
67701985
67711985
67721985
67731985
67741985
67751985
67761985
67771985
67781985
67791985
67801985
67811985
67821985
67831985
67841985
67851985
67861985
67871985
67881985
67891985
67901985
67911985
67921985
67931985
67941985
67951985
67961985
67971985
67981985
67991985
68001985
68011985
68021985
68031985
68041985
68051985
68061985
68071985
68081985
68091985
68101985
68111985
68121985
68131985
68141985
68151985
68161985
68171985
68181985
68191985
68201985
68211985
68221985
68231985
68241985
68251985
68261985
68271985
68281985
68291985
68301985
68311985
68321985
68331985
68341985
68351985
68361985
68371985
68381985
68391985
68401985
68411985
68421985
68431985
68441985
68451985
68461985
68471985
68481985
68491985
68501985
68511985
68521985
68531985
68541985
68551985
68561985
68571985
68581985
68591985
68601985
68611985
68621985
68631985
68641985
68651985
68661985
68671985
68681985
68691985
68701985
68711985
68721985
68731985
68741985
68751985
68761985
68771985
68781985
68791985
68801985
68811985
68821985
68831985
68841985
68851985
68861985
68871985
68881985
68891985
68901985
68911985
68921985
68931985
68941985
68951985
68961985
68971985
68981985
68991985
69001985
69011985
69021985
69031985
69041985
69051985
69061985
69071985
69081985
69091985
69101985
69111985
69121985
69131985
69141985
69151985
69161985
69171985
69181985
69191985
69201985
69211985
69221985
69231985
69241985
69251985
69261985
69271985
69281985
69291985
69301985
69311985
69321985
69331985
69341985
69351985
69361985
69371985
69381985
69391985
69401985
69411985
69421985
69431985
69441985
69451985
69461985
69471985
69481985
69491985
69501985
69511985
69521985
69531985
69541985
69551985
69561985
69571985
69581985
69591985
69601985
69611985
69621985
69631985
69641985
69651985
69661985
69671985
69681985
69691985
69701985
69711985
69721985
69731985
69741985
69751985
69761985
69771985
69781985
69791985
69801985
69811985
69821985
69831985
69841985
69851985
69861985
69871985
69881985
69891985
69901985
69911985
69921985
69931985
69941985
69951985
69961985
69971985
69981985
69991985
70001985
70011985
70021985
70031985
70041985
70051985
70061985
70071985
70081985
70091985
70101985
70111985
70121985
70131985
70141985
70151985
70161985
70171985
70181985
70191985
70201985
70211985
70221985
70231985
70241985
70251985
70261985
70271985
70281985
70291985
70301985
70311985
70321985
70331985
70341985
70351985
70361985
70371985
70381985
70391985
70401985
70411985
70421985
70431985
70441985
70451985
70461985
70471985
70481985
70491985
70501985
70511985
70521985
70531985
70541985
70551985
70561985
70571985
70581985
70591985
70601985
70611985
70621985
70631985
70641985
70651985
70661985
70671985
70681985
70691985
70701985
70711985
70721985
70731985
70741985
70751985
70761985
70771985
70781985
70791985
70801985
70811985
70821985
70831985
70841985
70851985
70861985
70871985
70881985
70891985
70901985
70911985
70921985
70931985
70941985
70951985
70961985
70971985
70981985
70991985
71001985
71011985
71021985
71031985
71041985
71051985
71061985
71071985
71081985
71091985
71101985
71111985
71121985
71131985
71141985
71151985
71161985
71171985
71181985
71191985
71201985
71211985
71221985
71231985
71241985
71251985
71261985
71271985
71281985
71291985
71301985
71311985
71321985
71331985
71341985
71351985
71361985
71371985
71381985
71391985
71401985
71411985
71421985
71431985
71441985
71451985
71461985
71471985
71481985
71491985
71501985
71511985
71521985
71531985
71541985
71551985
71561985
71571985
71581985
71591985
71601985
71611985
71621985
71631985
71641985
71651985
71661985
71671985
71681985
71691985
71701985
71711985
71721985
71731985
71741985
71751985
71761985
71771985
71781985
71791985
71801985
71811985
71821985
71831985
71841985
71851985
71861985
71871985
71881985
71891985
71901985
71911985
71921985
71931985
71941985
71951985
71961985
71971985
71981985
71991985
72001985
72011985
72021985
72031985
72041985
72051985
72061985
72071985
72081985
72091985
72101985
72111985
72121985
72131985
72141985
72151985
72161985
72171985
72181985
72191985
72201985
72211985
72221985
72231985
72241985
72251985
72261985
72271985
72281985
72291985
72301985
72311985
72321985
72331985
72341985
72351985
72361985
72371985
72381985
72391985
72401985
72411985
72421985
72431985
72441985
72451985
72461985
72471985
72481985
72491985
72501985
72511985
72521985
72531985
72541985
72551985
72561985
72571985
72581985
72591985
72601985
72611985
72621985
72631985
72641985
72651985
72661985
72671985
72681985
72691985
72701985
72711985
72721985
72731985
72741985
72751985
72761985
72771985
72781985
72791985
72801985
72811985
72821985
72831985
72841985
72851985
72861985
72871985
72881985
72891985
72901985
72911985
72921985
72931985
72941985
72951985
72961985
72971985
72981985
72991985
73001985
73011985
73021985
73031985
73041985
73051985
73061985
73071985
73081985
73091985
73101985
73111985
73121985
73131985
73141985
73151985
73161985
73171985
73181985
73191985
73201985
73211985
73221985
73231985
73241985
73251985
73261985
73271985
73281985
73291985
73301985
73311985
73321985
73331985
73341985
73351985
73361985
73371985
73381985
73391985
73401985
73411985
73421985
73431985
73441985
73451985
73461985
73471985
73481985
73491985
73501985
73511985
73521985
73531985
73541985
73551985
73561985
73571985
73581985
73591985
73601985
73611985
73621985
73631985
73641985
73651985
73661985
73671985
73681985
73691985
73701985
73711985
73721985
73731985
73741985
73751985
73761985
73771985
73781985
73791985
73801985
73811985
73821985
73831985
73841985
73851985
73861985
73871985
73881985
73891985
73901985
73911985
73921985
73931985
73941985
73951985
73961985
73971985
73981985
73991985
74001985
74011985
74021985
74031985
74041985
74051985
74061985
74071985
74081985
74091985
74101985
74111985
74121985
74131985
74141985
74151985
74161985
74171985
74181985
74191985
74201985
74211985
74221985
74231985
74241985
74251985
74261985
74271985
74281985
74291985
74301985
74311985
74321985
74331985
74341985
74351985
74361985
74371985
74381985
74391985
74401985
74411985
74421985
74431985
74441985
74451985
74461985
74471985
74481985
74491985
74501985
74511985
74521985
74531985
74541985
74551985
74561985
74571985
74581985
74591985
74601985
74611985
74621985
74631985
74641985
74651985
74661985
74671985
74681985
74691985
74701985
74711985
74721985
74731985
74741985
74751985
74761985
74771985
74781985
74791985
74801985
74811985
74821985
74831985
74841985
74851985
74861985
74871985
74881985
74891985
74901985
74911985
74921985
74931985
74941985
74951985
74961985
74971985
74981985
74991985
75001985
75011985
75021985
75031985
75041985
75051985
75061985
75071985
75081985
75091985
75101985
75111985
75121985
75131985
75141985
75151985
75161985
75171985
75181985
75191985
75201985
75211985
75221985
75231985
75241985
75251985
75261985
75271985
75281985
75291985
75301985
75311985
75321985
75331985
75341985
75351985
75361985
75371985
75381985
75391985
75401985
75411985
75421985
75431985
75441985
75451985
75461985
75471985
75481985
75491985
75501985
75511985
75521985
75531985
75541985
75551985
75561985
75571985
75581985
75591985
75601985
75611985
75621985
75631985
75641985
75651985
75661985
75671985
75681985
75691985
75701985
75711985
75721985
75731985
75741985
75751985
75761985
75771985
75781985
75791985
75801985
75811985
75821985
75831985
75841985
75851985
75861985
75871985
75881985
75891985
75901985
75911985
75921985
75931985
75941985
75951985
75961985
75971985
75981985
75991985
76001985
76011985
76021985
76031985
76041985
76051985
76061985
76071985
76081985
76091985
76101985
76111985
76121985
76131985
76141985
76151985
76161985
76171985
76181985
76191985
76201985
76211985
76221985
76231985
76241985
76251985
76261985
76271985
76281985
76291985
76301985
76311985
76321985
76331985
76341985
76351985
76361985
76371985
76381985
76391985
76401985
76411985
76421985
76431985
76441985
76451985
76461985
76471985
76481985
76491985
76501985
76511985
76521985
76531985
76541985
76551985
76561985
76571985
76581985
76591985
76601985
76611985
76621985
76631985
76641985
76651985
76661985
76671985
76681985
76691985
76701985
76711985
76721985
76731985
76741985
76751985
76761985
76771985
76781985
76791985
76801985
76811985
76821985
76831985
76841985
76851985
76861985
76871985
76881985
76891985
76901985
76911985
76921985
76931985
76941985
76951985
76961985
76971985
76981985
76991985
77001985
77011985
77021985
77031985
77041985
77051985
77061985
77071985
77081985
77091985
77101985
77111985
77121985
77131985
77141985
77151985
77161985
77171985
77181985
77191985
77201985
77211985
77221985
77231985
77241985
77251985
77261985
77271985
77281985
77291985
77301985
77311985
77321985
77331985
77341985
77351985
77361985
77371985
77381985
77391985
77401985
77411985
77421985
77431985
77441985
77451985
77461985
77471985
77481985
77491985
77501985
77511985
77521985
77531985
77541985
77551985
77561985
77571985
77581985
77591985
77601985
77611985
77621985
77631985
77641985
77651985
77661985
77671985
77681985
77691985
77701985
77711985
77721985
77731985
77741985
77751985
77761985
77771985
77781985
77791985
77801985
77811985
77821985
77831985
77841985
77851985
77861985
77871985
77881985
77891985
77901985
77911985
77921985
77931985
77941985
77951985
77961985
77971985
77981985
77991985
78001985
78011985
78021985
78031985
78041985
78051985
78061985
78071985
78081985
78091985
78101985
78111985
78121985
78131985
78141985
78151985
78161985
78171985
78181985
78191985
78201985
78211985
78221985
78231985
78241985
78251985
78261985
78271985
78281985
78291985
78301985
78311985
78321985
78331985
78341985
78351985
78361985
78371985
78381985
78391985
78401985
78411985
78421985
78431985
78441985
78451985
78461985
78471985
78481985
78491985
78501985
78511985
78521985
78531985
78541985
78551985
78561985
78571985
78581985
78591985
78601985
78611985
78621985
78631985
78641985
78651985
78661985
78671985
78681985
78691985
78701985
78711985
78721985
78731985
78741985
78751985
78761985
78771985
78781985
78791985
78801985
78811985
78821985
78831985
78841985
78851985
78861985
78871985
78881985
78891985
78901985
78911985
78921985
78931985
78941985
78951985
78961985
78971985
78981985
78991985
79001985
79011985
79021985
79031985
79041985
79051985
79061985
79071985
79081985
79091985
79101985
79111985
79121985
79131985
79141985
79151985
79161985
79171985
79181985
79191985
79201985
79211985
79221985
79231985
79241985
79251985
79261985
79271985
79281985
79291985
79301985
79311985
79321985
79331985
79341985
79351985
79361985
79371985
79381985
79391985
79401985
79411985
79421985
79431985
79441985
79451985
79461985
79471985
79481985
79491985
79501985
79511985
79521985
79531985
79541985
79551985
79561985
79571985
79581985
79591985
79601985
79611985
79621985
79631985
79641985
79651985
79661985
79671985
79681985
79691985
79701985
79711985
79721985
79731985
79741985
79751985
79761985
79771985
79781985
79791985
79801985
79811985
79821985
79831985
79841985
79851985
79861985
79871985
79881985
79891985
79901985
79911985
79921985
79931985
79941985
79951985
79961985
79971985
79981985
79991985
80001985
80011985
80021985
80031985
80041985
80051985
80061985
80071985
80081985
80091985
80101985
80111985
80121985
80131985
80141985
80151985
80161985
80171985
80181985
80191985
80201985
80211985
80221985
80231985
80241985
80251985
80261985
80271985
80281985
80291985
80301985
80311985
80321985
80331985
80341985
80351985
80361985
80371985
80381985
80391985
80401985
80411985
80421985
80431985
80441985
80451985
80461985
80471985
80481985
80491985
80501985
80511985
80521985
80531985
80541985
80551985
80561985
80571985
80581985
80591985
80601985
80611985
80621985
80631985
80641985
80651985
80661985
80671985
80681985
80691985
80701985
80711985
80721985
80731985
80741985
80751985
80761985
80771985
80781985
80791985
80801985
80811985
80821985
80831985
80841985
80851985
80861985
80871985
80881985
80891985
80901985
80911985
80921985
80931985
80941985
80951985
80961985
80971985
80981985
80991985
81001985
81011985
81021985
81031985
81041985
81051985
81061985
81071985
81081985
81091985
81101985
81111985
81121985
81131985
81141985
81151985
81161985
81171985
81181985
81191985
81201985
81211985
81221985
81231985
81241985
81251985
81261985
81271985
81281985
81291985
81301985
81311985
81321985
81331985
81341985
81351985
81361985
81371985
81381985
81391985
81401985
81411985
81421985
81431985
81441985
81451985
81461985
81471985
81481985
81491985
81501985
81511985
81521985
81531985
81541985
81551985
81561985
81571985
81581985
81591985
81601985
81611985
81621985
81631985
81641985
81651985
81661985
81671985
81681985
81691985
81701985
81711985
81721985
81731985
81741985
81751985
81761985
81771985
81781985
81791985
81801985
81811985
81821985
81831985
81841985
81851985
81861985
81871985
81881985
81891985
81901985
81911985
81921985
81931985
81941985
81951985
81961985
81971985
81981985
81991985
82001985
82011985
82021985
82031985
82041985
82051985
82061985
82071985
82081985
82091985
82101985
82111985
82121985
82131985
82141985
82151985
82161985
82171985
82181985
82191985
82201985
82211985
82221985
82231985
82241985
82251985
82261985
82271985
82281985
82291985
82301985
82311985
82321985
82331985
82341985
82351985
82361985
82371985
82381985
82391985
82401985
82411985
82421985
82431985
82441985
82451985
82461985
82471985
82481985
82491985
82501985
82511985
82521985
82531985
82541985
82551985
82561985
82571985
82581985
82591985
82601985
82611985
82621985
82631985
82641985
82651985
82661985
82671985
82681985
82691985
82701985
82711985
82721985
82731985
82741985
82751985
82761985
82771985
82781985
82791985
82801985
82811985
82821985
82831985
82841985
82851985
82861985
82871985
82881985
82891985
82901985
82911985
82921985
82931985
82941985
82951985
82961985
82971985
82981985
82991985
83001985
83011985
83021985
83031985
83041985
83051985
83061985
83071985
83081985
83091985
83101985
83111985
83121985
83131985
83141985
83151985
83161985
83171985
83181985
83191985
83201985
83211985
83221985
83231985
83241985
83251985
83261985
83271985
83281985
83291985
83301985
83311985
83321985
83331985
83341985
83351985
83361985
83371985
83381985
83391985
83401985
83411985
83421985
83431985
83441985
83451985
83461985
83471985
83481985
83491985
83501985
83511985
83521985
83531985
83541985
83551985
83561985
83571985
83581985
83591985
83601985
83611985
83621985
83631985
83641985
83651985
83661985
83671985
83681985
83691985
83701985
83711985
83721985
83731985
83741985
83751985
83761985
83771985
83781985
83791985
83801985
83811985
83821985
83831985
83841985
83851985
83861985
83871985
83881985
83891985
83901985
83911985
83921985
83931985
83941985
83951985
83961985
83971985
83981985
83991985
84001985
84011985
84021985
84031985
84041985
84051985
84061985
84071985
84081985
84091985
84101985
84111985
84121985
84131985
84141985
84151985
84161985
84171985
84181985
84191985
84201985
84211985
84221985
84231985
84241985
84251985
84261985
84271985
84281985
84291985
84301985
84311985
84321985
84331985
84341985
84351985
84361985
84371985
84381985
84391985
84401985
84411985
84421985
84431985
84441985
84451985
84461985
84471985
84481985
84491985
84501985
84511985
84521985
84531985
84541985
84551985
84561985
84571985
84581985
84591985
84601985
84611985
84621985
84631985
84641985
84651985
84661985
84671985
84681985
84691985
84701985
84711985
84721985
84731985
84741985
84751985
84761985
84771985
84781985
84791985
84801985
84811985
84821985
84831985
84841985
84851985
84861985
84871985
84881985
84891985
84901985
84911985
84921985
84931985
84941985
84951985
84961985
84971985
84981985
84991985
85001985
85011985
85021985
85031985
85041985
85051985
85061985
85071985
85081985
85091985
85101985
85111985
85121985
85131985
85141985
85151985
85161985
85171985
85181985
85191985
85201985
85211985
85221985
85231985
85241985
85251985
85261985
85271985
85281985
85291985
85301985
85311985
85321985
85331985
85341985
85351985
85361985
85371985
85381985
85391985
85401985
85411985
85421985
85431985
85441985
85451985
85461985
85471985
85481985
85491985
85501985
85511985
85521985
85531985
85541985
85551985
85561985
85571985
85581985
85591985
85601985
85611985
85621985
85631985
85641985
85651985
85661985
85671985
85681985
85691985
85701985
85711985
85721985
85731985
85741985
85751985
85761985
85771985
85781985
85791985
85801985
85811985
85821985
85831985
85841985
85851985
85861985
85871985
85881985
85891985
85901985
85911985
85921985
85931985
85941985
85951985
85961985
85971985
85981985
85991985
86001985
86011985
86021985
86031985
86041985
86051985
86061985
86071985
86081985
86091985
86101985
86111985
86121985
86131985
86141985
86151985
86161985
86171985
86181985
86191985
86201985
86211985
86221985
86231985
86241985
86251985
86261985
86271985
86281985
86291985
86301985
86311985
86321985
86331985
86341985
86351985
86361985
86371985
86381985
86391985
86401985
86411985
86421985
86431985
86441985
86451985
86461985
86471985
86481985
86491985
86501985
86511985
86521985
86531985
86541985
86551985
86561985
86571985
86581985
86591985
86601985
86611985
86621985
86631985
86641985
86651985
86661985
86671985
86681985
86691985
86701985
86711985
86721985
86731985
86741985
86751985
86761985
86771985
86781985
86791985
86801985
86811985
86821985
86831985
86841985
86851985
86861985
86871985
86881985
86891985
86901985
86911985
86921985
86931985
86941985
86951985
86961985
86971985
86981985
86991985
87001985
87011985
87021985
87031985
87041985
87051985
87061985
87071985
87081985
87091985
87101985
87111985
87121985
87131985
87141985
87151985
87161985
87171985
87181985
87191985
87201985
87211985
87221985
87231985
87241985
87251985
87261985
87271985
87281985
87291985
87301985
87311985
87321985
87331985
87341985
87351985
87361985
87371985
87381985
87391985
87401985
87411985
87421985
87431985
87441985
87451985
87461985
87471985
87481985
87491985
87501985
87511985
87521985
87531985
87541985
87551985
87561985
87571985
87581985
87591985
87601985
87611985
87621985
87631985
87641985
87651985
87661985
87671985
87681985
87691985
87701985
87711985
87721985
87731985
87741985
87751985
87761985
87771985
87781985
87791985
87801985
87811985
87821985
87831985
87841985
87851985
87861985
87871985
87881985
87891985
87901985
87911985
87921985
87931985
87941985
87951985
87961985
87971985
87981985
87991985
88001985
88011985
88021985
88031985
88041985
88051985
88061985
88071985
88081985
88091985
88101985
88111985
88121985
88131985
88141985
88151985
88161985
88171985
88181985
88191985
88201985
88211985
88221985
88231985
88241985
88251985
88261985
88271985
88281985
88291985
88301985
88311985
88321985
88331985
88341985
88351985
88361985
88371985
88381985
88391985
88401985
88411985
88421985
88431985
88441985
88451985
88461985
88471985
88481985
88491985
88501985
88511985
88521985
88531985
88541985
88551985
88561985
88571985
88581985
88591985
88601985
88611985
88621985
88631985
88641985
88651985
88661985
88671985
88681985
88691985
88701985
88711985
88721985
88731985
88741985
88751985
88761985
88771985
88781985
88791985
88801985
88811985
88821985
88831985
88841985
88851985
88861985
88871985
88881985
88891985
88901985
88911985
88921985
88931985
88941985
88951985
88961985
88971985
88981985
88991985
89001985
89011985
89021985
89031985
89041985
89051985
89061985
89071985
89081985
89091985
89101985
89111985
89121985
89131985
89141985
89151985
89161985
89171985
89181985
89191985
89201985
89211985
89221985
89231985
89241985
89251985
89261985
89271985
89281985
89291985
89301985
89311985
89321985
89331985
89341985
89351985
89361985
89371985
89381985
89391985
89401985
89411985
89421985
89431985
89441985
89451985
89461985
89471985
89481985
89491985
89501985
89511985
89521985
89531985
89541985
89551985
89561985
89571985
89581985
89591985
89601985
89611985
89621985
89631985
89641985
89651985
89661985
89671985
89681985
89691985
89701985
89711985
89721985
89731985
89741985
89751985
89761985
89771985
89781985
89791985
89801985
89811985
89821985
89831985
89841985
89851985
89861985
89871985
89881985
89891985
89901985
89911985
89921985
89931985
89941985
89951985
89961985
89971985
89981985
89991985
90001985
90011985
90021985
90031985
90041985
90051985
90061985
90071985
90081985
90091985
90101985
90111985
90121985
90131985
90141985
90151985
90161985
90171985
90181985
90191985
90201985
90211985
90221985
90231985
90241985
90251985
90261985
90271985
90281985
90291985
90301985
90311985
90321985
90331985
90341985
90351985
90361985
90371985
90381985
90391985
90401985
90411985
90421985
90431985
90441985
90451985
90461985
90471985
90481985
90491985
90501985
90511985
90521985
90531985
90541985
90551985
90561985
90571985
90581985
90591985
90601985
90611985
90621985
90631985
90641985
90651985
90661985
90671985
90681985
90691985
90701985
90711985
90721985
90731985
90741985
90751985
90761985
90771985
90781985
90791985
90801985
90811985
90821985
90831985
90841985
90851985
90861985
90871985
90881985
90891985
90901985
90911985
90921985
90931985
90941985
90951985
90961985
90971985
90981985
90991985
91001985
91011985
91021985
91031985
91041985
91051985
91061985
91071985
91081985
91091985
91101985
91111985
91121985
91131985
91141985
91151985
91161985
91171985
91181985
91191985
91201985
91211985
91221985
91231985
91241985
91251985
91261985
91271985
91281985
91291985
91301985
91311985
91321985
91331985
91341985
91351985
91361985
91371985
91381985
91391985
91401985
91411985
91421985
91431985
91441985
91451985
91461985
91471985
91481985
91491985
91501985
91511985
91521985
91531985
91541985
91551985
91561985
91571985
91581985
91591985
91601985
91611985
91621985
91631985
91641985
91651985
91661985
91671985
91681985
91691985
91701985
91711985
91721985
91731985
91741985
91751985
91761985
91771985
91781985
91791985
91801985
91811985
91821985
91831985
91841985
91851985
91861985
91871985
91881985
91891985
91901985
91911985
91921985
91931985
91941985
91951985
91961985
91971985
91981985
91991985
92001985
92011985
92021985
92031985
92041985
92051985
92061985
92071985
92081985
92091985
92101985
92111985
92121985
92131985
92141985
92151985
92161985
92171985
92181985
92191985
92201985
92211985
92221985
92231985
92241985
92251985
92261985
92271985
92281985
92291985
92301985
92311985
92321985
92331985
92341985
92351985
92361985
92371985
92381985
92391985
92401985
92411985
92421985
92431985
92441985
92451985
92461985
92471985
92481985
92491985
92501985
92511985
92521985
92531985
92541985
92551985
92561985
92571985
92581985
92591985
92601985
92611985
92621985
92631985
92641985
92651985
92661985
92671985
92681985
92691985
92701985
92711985
92721985
92731985
92741985
92751985
92761985
92771985
92781985
92791985
92801985
92811985
92821985
92831985
92841985
92851985
92861985
92871985
92881985
92891985
92901985
92911985
92921985
92931985
92941985
92951985
92961985
92971985
92981985
92991985
93001985
93011985
93021985
93031985
93041985
93051985
93061985
93071985
93081985
93091985
93101985
93111985
93121985
93131985
93141985
93151985
93161985
93171985
93181985
93191985
93201985
93211985
93221985
93231985
93241985
93251985
93261985
93271985
93281985
93291985
93301985
93311985
93321985
93331985
93341985
93351985
93361985
93371985
93381985
93391985
93401985
93411985
93421985
93431985
93441985
93451985
93461985
93471985
93481985
93491985
93501985
93511985
93521985
93531985
93541985
93551985
93561985
93571985
93581985
93591985
93601985
93611985
93621985
93631985
93641985
93651985
93661985
93671985
93681985
93691985
93701985
93711985
93721985
93731985
93741985
93751985
93761985
93771985
93781985
93791985
93801985
93811985
93821985
93831985
93841985
93851985
93861985
93871985
93881985
93891985
93901985
93911985
93921985
93931985
93941985
93951985
93961985
93971985
93981985
93991985
94001985
94011985
94021985
94031985
94041985
94051985
94061985
94071985
94081985
94091985
94101985
94111985
94121985
94131985
94141985
94151985
94161985
94171985
94181985
94191985
94201985
94211985
94221985
94231985
94241985
94251985
94261985
94271985
94281985
94291985
94301985
94311985
94321985
94331985
94341985
94351985
94361985
94371985
94381985
94391985
94401985
94411985
94421985
94431985
94441985
94451985
94461985
94471985
94481985
94491985
94501985
94511985
94521985
94531985
94541985
94551985
94561985
94571985
94581985
94591985
94601985
94611985
94621985
94631985
94641985
94651985
94661985
94671985
94681985
94691985
94701985
94711985
94721985
94731985
94741985
94751985
94761985
94771985
94781985
94791985
94801985
94811985
94821985
94831985
94841985
94851985
94861985
94871985
94881985
94891985
94901985
94911985
94921985
94931985
94941985
94951985
94961985
94971985
94981985
94991985
95001985
95011985
95021985
95031985
95041985
95051985
95061985
95071985
95081985
95091985
95101985
95111985
95121985
95131985
95141985
95151985
95161985
95171985
95181985
95191985
95201985
95211985
95221985
95231985
95241985
95251985
95261985
95271985
95281985
95291985
95301985
95311985
95321985
95331985
95341985
95351985
95361985
95371985
95381985
95391985
95401985
95411985
95421985
95431985
95441985
95451985
95461985
95471985
95481985
95491985
95501985
95511985
95521985
95531985
95541985
95551985
95561985
95571985
95581985
95591985
95601985
95611985
95621985
95631985
95641985
95651985
95661985
95671985
95681985
95691985
95701985
95711985
95721985
95731985
95741985
95751985
95761985
95771985
95781985
95791985
95801985
95811985
95821985
95831985
95841985
95851985
95861985
95871985
95881985
95891985
95901985
95911985
95921985
95931985
95941985
95951985
95961985
95971985
95981985
95991985
96001985
96011985
96021985
96031985
96041985
96051985
96061985
96071985
96081985
96091985
96101985
96111985
96121985
96131985
96141985
96151985
96161985
96171985
96181985
96191985
96201985
96211985
96221985
96231985
96241985
96251985
96261985
96271985
96281985
96291985
96301985
96311985
96321985
96331985
96341985
96351985
96361985
96371985
96381985
96391985
96401985
96411985
96421985
96431985
96441985
96451985
96461985
96471985
96481985
96491985
96501985
96511985
96521985
96531985
96541985
96551985
96561985
96571985
96581985
96591985
96601985
96611985
96621985
96631985
96641985
96651985
96661985
96671985
96681985
96691985
96701985
96711985
96721985
96731985
96741985
96751985
96761985
96771985
96781985
96791985
96801985
96811985
96821985
96831985
96841985
96851985
96861985
96871985
96881985
96891985
96901985
96911985
96921985
96931985
96941985
96951985
96961985
96971985
96981985
96991985
97001985
97011985
97021985
97031985
97041985
97051985
97061985
97071985
97081985
97091985
97101985
97111985
97121985
97131985
97141985
97151985
97161985
97171985
97181985
97191985
97201985
97211985
97221985
97231985
97241985
97251985
97261985
97271985
97281985
97291985
97301985
97311985
97321985
97331985
97341985
97351985
97361985
97371985
97381985
97391985
97401985
97411985
97421985
97431985
97441985
97451985
97461985
97471985
97481985
97491985
97501985
97511985
97521985
97531985
97541985
97551985
97561985
97571985
97581985
97591985
97601985
97611985
97621985
97631985
97641985
97651985
97661985
97671985
97681985
97691985
97701985
97711985
97721985
97731985
97741985
97751985
97761985
97771985
97781985
97791985
97801985
97811985
97821985
97831985
97841985
97851985
97861985
97871985
97881985
97891985
97901985
97911985
97921985
97931985
97941985
97951985
97961985
97971985
97981985
97991985
98001985
98011985
98021985
98031985
98041985
98051985
98061985
98071985
98081985
98091985
98101985
98111985
98121985
98131985
98141985
98151985
98161985
98171985
98181985
98191985
98201985
98211985
98221985
98231985
98241985
98251985
98261985
98271985
98281985
98291985
98301985
98311985
98321985
98331985
98341985
98351985
98361985
98371985
98381985
98391985
98401985
98411985
98421985
98431985
98441985
98451985
98461985
98471985
98481985
98491985
98501985
98511985
98521985
98531985
98541985
98551985
98561985
98571985
98581985
98591985
98601985
98611985
98621985
98631985
98641985
98651985
98661985
98671985
98681985
98691985
98701985
98711985
98721985
98731985
98741985
98751985
98761985
98771985
98781985
98791985
98801985
98811985
98821985
98831985
98841985
98851985
98861985
98871985
98881985
98891985
98901985
98911985
98921985
98931985
98941985
98951985
98961985
98971985
98981985
98991985
99001985
99011985
99021985
99031985
99041985
99051985
99061985
99071985
99081985
99091985
99101985
99111985
99121985
99131985
99141985
99151985
99161985
99171985
99181985
99191985
99201985
99211985
99221985
99231985
99241985
99251985
99261985
99271985
99281985
99291985
99301985
99311985
99321985
99331985
99341985
99351985
99361985
99371985
99381985
99391985
99401985
99411985
99421985
99431985
99441985
99451985
99461985
99471985
99481985
99491985
99501985
99511985
99521985
99531985
99541985
99551985
99561985
99571985
99581985
99591985
99601985
99611985
99621985
99631985
99641985
99651985
99661985
99671985
99681985
99691985
99701985
99711985
99721985
99731985
99741985
99751985
99761985
99771985
99781985
99791985
99801985
99811985
99821985
99831985
99841985
99851985
99861985
99871985
99881985
99891985
99901985
99911985
99921985
99931985
99941985
99951985
99961985
99971985
99981985
99991985
